#AlignmentTransX (px)
#AlignmentTransY (px)
#TiltAngle (degrees)
#InPlaneRotation (degrees)
#Magnification 
#FileName 
#
  -2.4138214588   -0.5475506783   59.9949989319   -0.0000000000    1.0000000000 ./model_0/projections/synthetic_1.mrc
  -2.5554523468    1.3372473717   57.9949989319   -0.0000000000    1.0000000000 ./model_0/projections/synthetic_2.mrc
   0.1412383765   -0.5618379116   55.9949989319   -0.0000000000    1.0000000000 ./model_0/projections/synthetic_3.mrc
  -1.0413575172   -0.1664926559   53.9949989319   -0.0000000000    1.0000000000 ./model_0/projections/synthetic_4.mrc
  -2.0444064140    0.2807260454   51.9970016479   -0.0000000000    1.0000000000 ./model_0/projections/synthetic_5.mrc
   3.4933552742   -0.8943717480   49.9970016479   -0.0000000000    1.0000000000 ./model_0/projections/synthetic_6.mrc
  -3.1057934761    1.9900650978   47.9949989319   -0.0000000000    1.0000000000 ./model_0/projections/synthetic_7.mrc
  -2.0973613262   -2.0105807781   45.9949989319   -0.0000000000    1.0000000000 ./model_0/projections/synthetic_8.mrc
   1.2147917747    2.7104008198   43.9949989319   -0.0000000000    1.0000000000 ./model_0/projections/synthetic_9.mrc
  -1.6834546328   -1.6452630758   41.9949989319   -0.0000000000    1.0000000000 ./model_0/projections/synthetic_10.mrc
   1.4347758293    1.9430657625   39.9949989319   -0.0000000000    1.0000000000 ./model_0/projections/synthetic_11.mrc
   0.6973769069    0.5994341373   37.9970016479   -0.0000000000    1.0000000000 ./model_0/projections/synthetic_12.mrc
   2.2083592415    0.2911008000   35.9949989319   -0.0000000000    1.0000000000 ./model_0/projections/synthetic_13.mrc
   0.6989545226    1.6155049801   33.9949989319   -0.0000000000    1.0000000000 ./model_0/projections/synthetic_14.mrc
  -0.0910181031   -0.4138840735   31.9950008392   -0.0000000000    1.0000000000 ./model_0/projections/synthetic_15.mrc
   0.9201537967    0.4919905663   29.9950008392   -0.0000000000    1.0000000000 ./model_0/projections/synthetic_16.mrc
  -0.2427790910    0.5497725010   27.9950008392   -0.0000000000    1.0000000000 ./model_0/projections/synthetic_17.mrc
   1.2414916754   -0.0710789040   25.9950008392   -0.0000000000    1.0000000000 ./model_0/projections/synthetic_18.mrc
  -1.5590863228    1.6896601915   23.9979991913   -0.0000000000    1.0000000000 ./model_0/projections/synthetic_19.mrc
   1.1915456057    0.7920625210   21.9960002899   -0.0000000000    1.0000000000 ./model_0/projections/synthetic_20.mrc
   1.5943198204   -1.2326359749   19.9979991913   -0.0000000000    1.0000000000 ./model_0/projections/synthetic_21.mrc
  -2.0364334583   -2.5942189693   17.9979991913   -0.0000000000    1.0000000000 ./model_0/projections/synthetic_22.mrc
   1.4651525021   -1.4428473711   15.9960002899   -0.0000000000    1.0000000000 ./model_0/projections/synthetic_23.mrc
  -0.2849907577   -1.3363732100   13.9980001450   -0.0000000000    1.0000000000 ./model_0/projections/synthetic_24.mrc
  -0.0143675869   -2.4436759949   11.9960002899   -0.0000000000    1.0000000000 ./model_0/projections/synthetic_25.mrc
  -2.5767884254    1.8441911936    9.9960002899   -0.0000000000    1.0000000000 ./model_0/projections/synthetic_26.mrc
   1.6052304506   -2.6595325470    7.9990000725   -0.0000000000    1.0000000000 ./model_0/projections/synthetic_27.mrc
  -2.6312363148   -2.0258460045    5.9990000725   -0.0000000000    1.0000000000 ./model_0/projections/synthetic_28.mrc
   1.1784485579   -2.6136162281    3.9990000725   -0.0000000000    1.0000000000 ./model_0/projections/synthetic_29.mrc
  -1.2961617708    0.2121063471    1.9980000257   -0.0000000000    1.0000000000 ./model_0/projections/synthetic_30.mrc
  -0.5150777102    1.5043529272   -0.0010000000   -0.0000000000    1.0000000000 ./model_0/projections/synthetic_31.mrc
   0.9504042268    0.2047507614   -1.9930000305   -0.0000000000    1.0000000000 ./model_0/projections/synthetic_32.mrc
  -0.9199270606   -0.5575459003   -3.9879999161   -0.0000000000    1.0000000000 ./model_0/projections/synthetic_33.mrc
   0.9227156043   -0.0435549915   -5.9930000305   -0.0000000000    1.0000000000 ./model_0/projections/synthetic_34.mrc
  -0.7889716625    0.2850233018   -7.9910001755   -0.0000000000    1.0000000000 ./model_0/projections/synthetic_35.mrc
   2.0405457020   -0.6012367606   -9.9899997711   -0.0000000000    1.0000000000 ./model_0/projections/synthetic_36.mrc
  -3.2609496117   -1.2923680544  -11.9910001755   -0.0000000000    1.0000000000 ./model_0/projections/synthetic_37.mrc
   1.8006073236    0.6316041946  -13.9919996262   -0.0000000000    1.0000000000 ./model_0/projections/synthetic_38.mrc
   1.0190769434    1.1308480501  -15.9919996262   -0.0000000000    1.0000000000 ./model_0/projections/synthetic_39.mrc
  -1.5416197777    1.4777122736  -17.9930000305   -0.0000000000    1.0000000000 ./model_0/projections/synthetic_40.mrc
   0.6814771891   -2.6402537823  -19.9920005798   -0.0000000000    1.0000000000 ./model_0/projections/synthetic_41.mrc
   1.6768110991   -1.1553747654  -21.9920005798   -0.0000000000    1.0000000000 ./model_0/projections/synthetic_42.mrc
  -1.6256273985   -0.4336849153  -23.9880008698   -0.0000000000    1.0000000000 ./model_0/projections/synthetic_43.mrc
  -1.1724346876    0.8908236623  -25.9899997711   -0.0000000000    1.0000000000 ./model_0/projections/synthetic_44.mrc
   1.0993367434    0.9435377717  -27.9920005798   -0.0000000000    1.0000000000 ./model_0/projections/synthetic_45.mrc
   0.4843836427    1.8813993931  -29.9890003204   -0.0000000000    1.0000000000 ./model_0/projections/synthetic_46.mrc
  -0.8555285335    2.1921577454  -31.9899997711   -0.0000000000    1.0000000000 ./model_0/projections/synthetic_47.mrc
   1.0119727850   -2.1113669872  -33.9889984131   -0.0000000000    1.0000000000 ./model_0/projections/synthetic_48.mrc
   0.0537522100    1.5983477831  -35.9900016785   -0.0000000000    1.0000000000 ./model_0/projections/synthetic_49.mrc
  -1.0560710430   -1.1268327236  -37.9910011292   -0.0000000000    1.0000000000 ./model_0/projections/synthetic_50.mrc
   0.5051658750    0.3275518417  -39.9889984131   -0.0000000000    1.0000000000 ./model_0/projections/synthetic_51.mrc
  -0.8759168983    2.2125439644  -41.9900016785   -0.0000000000    1.0000000000 ./model_0/projections/synthetic_52.mrc
  -0.3830317259    0.1343030035  -43.9889984131   -0.0000000000    1.0000000000 ./model_0/projections/synthetic_53.mrc
  -1.0759631395    0.6382194161  -45.9900016785   -0.0000000000    1.0000000000 ./model_0/projections/synthetic_54.mrc
   0.0232896954   -0.5188080668  -47.9879989624   -0.0000000000    1.0000000000 ./model_0/projections/synthetic_55.mrc
   1.3080567122    0.4734203219  -49.9889984131   -0.0000000000    1.0000000000 ./model_0/projections/synthetic_56.mrc
   2.1083323956   -0.0865638480  -51.9900016785   -0.0000000000    1.0000000000 ./model_0/projections/synthetic_57.mrc
   0.8173308372    0.3255575597  -53.9879989624   -0.0000000000    1.0000000000 ./model_0/projections/synthetic_58.mrc
   0.7428184748   -0.5692974925  -55.9879989624   -0.0000000000    1.0000000000 ./model_0/projections/synthetic_59.mrc
  -2.0449614525    2.8324410915  -57.9900016785   -0.0000000000    1.0000000000 ./model_0/projections/synthetic_60.mrc
   0.8722298741    0.5436024666  -59.9879989624   -0.0000000000    1.0000000000 ./model_0/projections/synthetic_61.mrc
