vesicle 179 4 105 NaN NaN NaN
vesicle 36 388 57 NaN NaN NaN
vesicle 377 398 73 NaN NaN NaN
fiducial 318 417 137 NaN NaN NaN
fiducial 19 87 154 NaN NaN NaN
fiducial 454 489 90 NaN NaN NaN
fiducial 480 391 45 NaN NaN NaN
fiducial 12 46 35 NaN NaN NaN
fiducial 480 130 92 NaN NaN NaN
fiducial 459 334 13 NaN NaN NaN
fiducial 122 94 129 NaN NaN NaN
fiducial 43 179 39 NaN NaN NaN
fiducial 440 426 67 NaN NaN NaN
fiducial 489 291 39 NaN NaN NaN
3CF3 442 220 99 155.5998 181.2487 331.3971
2CG9 14 202 138 100.0707 195.5940 216.0599
4V94_fixed 64 351 14 145.0713 303.6251 190.2049
5MRC 84 410 70 144.4008 53.5110 160.9256
3CF3 149 133 58 40.5986 13.7217 307.8714
1S3X 333 153 89 75.3500 250.2008 118.9686
1QVR 44 196 70 97.0680 99.7004 343.0150
4CR2 138 203 115 139.4419 241.9790 116.6946
3GL1 185 241 23 115.1194 66.9160 128.1058
3GL1 249 223 24 70.6161 317.8745 166.0269
4V94_fixed 164 265 21 70.4129 70.3143 263.5818
3D2F 137 339 148 94.6300 233.8884 73.2908
4CR2 460 121 128 118.4897 16.4053 217.3907
1U6G 383 300 168 53.2900 22.2760 341.4157
4V94_fixed 92 354 68 55.3903 151.3274 215.9692
3CF3 491 421 100 78.6173 207.4434 99.5426
3H84 249 102 98 173.2063 70.2198 304.9694
2CG9 37 441 77 58.7197 89.4708 350.9189
3GL1 373 464 80 38.3351 264.1343 41.4728
1QVR 280 267 92 113.0268 127.9687 72.6538
3CF3 148 255 153 63.7112 87.4699 246.6394
1BXN 197 94 127 175.8356 340.6738 3.0489
1BXN 177 20 39 107.9301 325.2161 203.4883
3D2F 82 302 52 87.7306 304.0931 335.5243
3QM1 200 331 11 99.0799 140.9395 210.0402
5MRC 198 354 115 46.7217 200.5660 211.5601
3QM1 293 409 128 122.6766 168.7824 208.7387
4CR2 426 78 38 94.2906 294.3442 40.3127
3QM1 375 117 139 96.5283 240.8090 277.5486
2CG9 137 338 40 60.9303 46.3149 217.2437
3CF3 145 216 43 174.9235 119.5096 301.7540
1U6G 16 313 43 64.7178 256.2235 13.5217
3H84 50 448 101 61.9120 236.7946 227.1487
4V94_fixed 300 65 96 147.5411 40.8749 150.5756
3CF3 88 102 15 79.2132 338.0099 307.7844
3CF3 193 317 122 123.2375 35.2451 251.4402
4V94_fixed 147 249 114 166.5652 229.7944 20.1183
1U6G 467 160 110 79.3146 19.9931 347.2754
1S3X 397 501 54 31.1531 308.5470 2.1962
3QM1 386 58 135 97.0981 170.3071 350.1431
1U6G 72 478 141 136.7716 52.1689 348.2970
4CR2 430 232 55 35.0450 216.9651 138.6287
4V94_fixed 344 123 152 51.0692 53.2498 190.4090
1U6G 109 27 113 85.5449 327.3678 167.9866
1S3X 74 413 141 147.4835 72.7724 222.8914
3CF3 305 343 86 116.1581 314.6041 242.3369
5MRC 385 43 157 133.8312 222.0082 87.2663
1S3X 225 248 98 121.3551 68.6156 166.2708
2CG9 393 359 34 62.3999 352.5316 4.6374
1QVR 353 341 85 157.5678 311.5110 253.9504
4CR2 349 335 22 117.4658 221.7354 304.4774
1S3X 414 160 86 116.5094 63.5052 9.9759
4V94_fixed 86 309 70 64.7556 112.3726 71.4545
1BXN 491 30 154 73.9399 99.3351 356.4448
1QVR 467 428 75 77.6056 152.7711 236.0492
3H84 98 461 24 115.1195 105.6128 4.2529
3GL1 279 287 66 67.7535 26.8308 107.5167
3CF3 94 160 12 152.5524 6.0782 88.1693
1U6G 220 128 152 56.3755 108.2804 92.6369
4V94_fixed 169 488 45 132.4574 112.3351 204.5964
1S3X 111 343 112 45.0082 275.9083 109.6971
1QVR 400 111 84 81.9568 64.6727 163.9279
3H84 170 418 103 77.2256 208.0667 224.3341
1QVR 84 94 103 46.4483 115.6546 234.7447
1BXN 380 454 83 91.8797 283.3790 32.7625
2CG9 354 180 74 33.1304 145.6291 266.9038
3D2F 476 135 54 77.5639 66.6750 87.9060
1U6G 364 166 47 56.8442 115.0248 348.0482
1U6G 246 109 109 70.5766 229.6951 68.2610
2CG9 394 19 91 66.6369 37.5215 285.4800
3D2F 363 24 164 85.8409 53.8483 283.1204
4CR2 159 150 149 7.4203 236.5869 151.5337
4CR2 342 456 99 59.7252 132.3039 267.3224
3GL1 184 319 61 74.1840 172.4901 244.1361
1BXN 416 395 140 107.5510 104.9090 230.1844
3GL1 158 224 92 129.2133 148.1100 3.5869
1QVR 177 495 110 156.4497 340.5066 301.7491
4CR2 418 44 94 107.3617 122.8894 250.7296
1QVR 488 470 144 123.6566 89.9863 79.3376
5MRC 104 34 51 75.9682 294.6946 268.1370
3QM1 247 347 135 175.6624 303.7948 0.7166
1BXN 181 140 52 107.3515 225.7516 215.7860
5MRC 477 165 67 65.2171 112.4885 138.7802
3CF3 361 275 119 160.1983 77.6608 187.4468
3D2F 50 158 30 95.9623 341.5100 327.8760
1BXN 286 176 29 31.8960 242.4575 83.1253
1QVR 156 246 63 91.5640 338.7114 24.6151
2CG9 125 203 17 155.5628 79.2256 204.3898
1S3X 339 140 160 106.3441 267.7003 69.2584
3GL1 43 127 88 58.2742 40.1862 51.7252
3D2F 263 302 144 81.6839 10.3128 289.1222
1BXN 204 422 122 103.4033 183.4423 319.6919
3QM1 80 210 82 160.3919 129.7262 258.7893
3CF3 382 135 49 42.6571 113.7213 105.5144
4V94_fixed 71 144 15 96.0753 175.9686 326.7084
3H84 370 294 24 119.9790 25.7216 193.0253
1QVR 268 128 117 173.9260 38.0408 167.2349
1QVR 231 162 94 112.5838 335.3423 186.1702
3QM1 427 217 80 118.0180 110.4055 185.4572
3H84 115 249 115 93.7155 341.4173 217.1662
3CF3 206 91 45 139.3471 61.5919 359.9844
3CF3 474 374 58 128.1886 284.9015 123.1783
3H84 343 361 26 70.9281 314.5685 256.6467
3D2F 193 29 143 38.1114 57.0209 3.2062
1U6G 180 283 157 84.5056 95.6813 275.7187
5MRC 55 353 51 111.8472 20.5466 73.0518
1S3X 481 408 90 30.8122 38.5665 201.4805
4V94_fixed 449 27 155 116.3244 0.5288 173.8324
3D2F 403 374 96 144.6172 347.8395 139.3083
3D2F 65 248 148 165.2982 202.2301 76.0342
1U6G 500 442 48 45.5111 330.8800 264.2410
4CR2 225 474 49 122.8277 58.5632 172.0799
1QVR 74 380 71 61.6050 9.4819 333.7742
1BXN 97 239 94 145.0475 226.2808 248.5824
4CR2 393 132 104 141.3322 52.7546 344.9489
1QVR 463 169 153 40.8378 315.6344 292.9110
3QM1 345 54 90 60.0877 3.1092 226.4132
3QM1 360 481 83 81.6730 160.8187 69.6831
3H84 124 307 45 129.2747 294.7918 193.1136
3QM1 150 381 168 138.5204 61.5574 330.8389
4CR2 172 24 96 51.8194 355.6402 105.2751
1BXN 392 397 83 67.0104 310.7205 79.6366
1QVR 469 430 104 155.4566 330.5092 169.0405
3GL1 63 372 107 38.0535 165.8991 64.6313
3CF3 339 328 100 90.5942 96.2161 59.1958
1U6G 296 424 153 70.1247 129.4683 86.6361
2CG9 338 201 106 115.8388 248.7551 349.8759
3D2F 468 79 97 148.0263 239.5847 59.3983
4V94_fixed 403 486 16 118.2440 74.6854 316.1724
3H84 33 299 111 117.8363 61.4362 272.5123
3H84 14 125 162 71.2535 151.3459 233.5235
1QVR 91 435 77 68.3158 72.7780 153.7071
1QVR 313 212 163 77.3659 162.8075 2.5686
2CG9 120 295 161 106.3937 324.0834 63.5699
5MRC 171 428 154 60.3133 324.1218 214.6116
3CF3 116 92 64 100.5530 259.5933 336.7081
1QVR 36 198 122 46.4055 236.8429 21.0461
3CF3 409 116 120 108.5055 221.9274 307.7442
5MRC 385 322 88 137.4047 171.8572 73.6680
3GL1 247 42 143 20.6567 228.7420 93.4761
1U6G 291 202 66 108.2808 265.8614 13.9448
2CG9 410 418 92 38.3863 222.4542 44.7947
1QVR 270 386 47 48.4006 217.0662 160.8162
5MRC 270 99 105 99.8612 305.9284 169.5201
1S3X 270 33 27 42.3845 22.2627 183.1206
3GL1 290 189 122 165.7398 139.2272 267.3858
1BXN 149 501 19 89.0346 280.0602 209.7248
1U6G 449 402 61 118.9411 306.6897 62.7198
1BXN 11 310 118 51.8637 286.4825 303.2275
1BXN 241 477 150 50.2631 79.5538 254.6127
3H84 300 361 25 31.1800 336.7219 311.8624
3H84 485 386 132 106.6774 193.7730 331.8324
3QM1 356 255 118 65.0909 60.9011 32.7933
3QM1 409 236 65 42.7997 14.8996 143.2994
4CR2 214 68 144 110.6372 274.9813 320.6490
1S3X 389 98 111 144.3885 200.2440 2.3544
3D2F 361 447 136 64.5477 215.2606 254.8641
3D2F 191 289 104 64.5364 307.0703 210.7981
1U6G 141 126 84 36.8757 94.7458 174.4161
4CR2 432 374 21 149.3558 231.6238 62.8072
2CG9 145 118 26 132.8972 306.6740 6.7620
1BXN 347 302 135 128.4611 66.6150 259.0993
5MRC 368 302 126 155.2928 350.1007 136.8043
3CF3 179 296 161 86.9959 220.6724 231.6435
3GL1 425 31 31 39.4256 29.7396 282.6490
3QM1 321 356 10 138.6770 59.1394 95.4533
4V94_fixed 168 443 25 43.1241 271.2584 347.1729
3D2F 266 190 34 117.7000 122.0531 177.6448
4V94_fixed 308 159 142 70.7615 196.3073 334.6697
1BXN 21 495 32 104.6593 299.9130 89.7608
4CR2 483 174 112 33.7592 307.0004 151.8917
3H84 393 457 67 111.3833 123.5633 159.9782
3QM1 328 474 39 149.3951 289.3732 65.4024
3CF3 462 242 30 32.9851 90.5600 278.7618
1QVR 285 230 150 118.7926 108.3958 105.3092
3QM1 62 45 39 38.1657 22.0280 234.0348
5MRC 42 475 42 142.8914 19.9070 130.5563
3QM1 44 456 57 81.8014 110.9672 61.1773
3CF3 51 421 110 118.7644 265.4112 21.9982
1U6G 84 189 28 90.8782 279.9593 83.7005
3D2F 91 35 133 141.9238 248.8355 352.9558
3D2F 267 434 70 28.1595 77.9357 34.1970
2CG9 88 380 61 120.3080 331.2810 301.3754
3QM1 110 207 111 118.5077 311.1219 126.1322
1QVR 487 260 110 29.5832 351.9868 280.4309
3H84 45 379 128 90.4013 58.6036 133.7564
1U6G 501 248 97 103.3306 21.8258 82.5064
1S3X 377 127 172 67.0747 340.3513 9.9848
4V94_fixed 461 62 20 96.3645 100.4784 317.8227
1BXN 226 143 166 94.8033 10.9119 227.9067
1BXN 430 74 155 76.8818 28.2392 62.5858
3QM1 112 337 14 97.8819 8.9402 75.4423
3QM1 31 88 90 43.5928 238.6034 2.5533
1BXN 348 75 168 55.1685 264.1250 88.0969
5MRC 98 202 142 42.1541 108.8686 321.7534
3D2F 442 68 52 151.9035 296.3654 279.5732
3D2F 287 340 44 27.4759 225.3191 299.7107
5MRC 184 58 26 176.4725 279.7496 128.4651
5MRC 489 255 50 81.3356 39.6498 316.5984
3QM1 391 344 108 90.5046 218.0731 26.5366
3GL1 217 25 145 165.7214 232.9518 182.1226
5MRC 175 243 38 44.3900 185.0743 293.2648
1S3X 66 404 17 54.5092 229.7031 294.9065
1QVR 264 415 61 144.1781 248.0855 233.4566
1U6G 208 155 132 53.7294 346.5876 288.3508
3GL1 455 85 59 103.0711 282.2669 245.4306
3QM1 497 234 75 157.0757 155.1126 72.5101
1QVR 229 210 126 101.9970 250.4218 228.4130
3H84 212 73 83 116.4007 35.5772 278.4063
1U6G 382 358 26 157.5167 90.6640 118.6309
3CF3 140 78 123 79.9602 126.2041 56.6631
3H84 252 343 33 36.1644 96.1541 46.0078
1U6G 11 179 143 67.7737 175.6377 130.5353
4V94_fixed 327 336 150 50.8832 240.0708 217.2784
1S3X 184 37 12 145.7703 140.9073 163.3808
3H84 421 202 161 125.1180 212.8288 99.3509
3H84 17 91 110 149.4135 178.4841 222.5957
1S3X 342 30 53 94.2348 325.4386 297.7371
4V94_fixed 151 18 140 75.3637 323.6067 192.2240
4V94_fixed 366 48 58 147.2051 273.9990 72.6188
2CG9 480 113 87 118.7485 15.6395 162.9393
1QVR 229 232 64 118.2510 278.7503 231.8343
3H84 29 269 151 40.5495 222.0796 93.0350
1QVR 188 20 19 142.0887 102.7225 141.5411
1BXN 466 443 128 100.3333 293.1217 285.6374
1S3X 431 328 99 83.7777 115.0172 184.9281
3D2F 190 374 129 75.6529 52.2535 218.7141
5MRC 24 119 81 132.5127 53.2458 190.5946
4CR2 419 362 106 139.4350 192.2950 187.9931
1QVR 274 430 45 36.4820 233.7649 264.8594
2CG9 32 319 13 66.8559 174.1308 122.2383
3D2F 60 449 29 149.1920 12.4524 279.3618
5MRC 23 461 90 120.5786 214.9047 200.9427
1BXN 195 109 108 42.4086 214.8508 265.0168
3GL1 124 109 29 116.1441 172.1233 92.0641
1U6G 342 414 13 48.7396 189.2519 256.1606
5MRC 378 391 154 61.9325 138.9777 183.9953
5MRC 444 410 148 69.5611 79.8963 217.2555
3GL1 484 480 61 21.1334 179.1864 27.5453
3CF3 439 89 156 79.6186 219.6263 117.9816
1S3X 129 11 59 164.7816 14.3160 287.6354
2CG9 161 20 39 104.3738 225.2515 94.6207
1BXN 402 442 106 121.9031 109.7419 23.6018
2CG9 417 373 164 123.3595 348.1884 77.7116
3CF3 422 170 13 165.9933 41.7456 220.3369
1QVR 413 283 125 81.0984 166.2677 50.5685
1S3X 133 436 155 119.2501 134.9631 333.4974
5MRC 463 405 107 96.4536 217.1537 321.6978
3H84 45 312 87 44.5486 209.4811 144.4305
1S3X 422 144 16 48.7447 50.5531 61.7933
5MRC 332 84 33 95.5761 194.2245 66.9563
1U6G 445 456 150 107.9950 349.2773 275.6243
5MRC 67 182 87 152.6081 143.6127 126.5117
3H84 333 145 51 135.5630 293.8514 219.5004
2CG9 385 279 157 101.9050 152.4839 345.5585
3GL1 68 146 70 40.0593 119.5000 62.4991
3D2F 144 210 16 128.7258 246.1383 91.3582
2CG9 316 307 97 99.4780 204.9049 60.4887
1QVR 415 498 30 159.1198 164.7210 23.0405
2CG9 212 358 140 146.4212 81.2916 150.4253
1S3X 78 299 116 122.4645 16.9200 85.9952
1BXN 472 184 59 147.8527 244.4397 212.6653
3QM1 393 195 13 44.3752 275.3828 236.9566
3GL1 466 492 55 76.1960 194.2904 279.7754
3QM1 33 210 64 159.7889 58.5073 157.6159
1U6G 318 423 88 94.7512 266.0818 278.2540
5MRC 98 75 119 70.7245 140.0449 18.7259
3GL1 388 220 85 34.4183 226.2230 125.9329
1QVR 265 73 165 91.6354 279.1933 289.9173
3GL1 127 394 78 89.1570 26.3280 33.0623
1U6G 436 43 31 87.7690 194.2020 342.5403
3H84 100 129 54 29.2844 76.4794 57.9285
5MRC 266 346 91 46.1718 86.8283 72.3062
1QVR 37 172 13 82.8803 256.1753 238.9405
5MRC 172 382 144 36.8590 250.7317 128.7431
3CF3 230 103 104 44.5427 158.0452 251.1154
3H84 121 146 78 77.5158 325.4392 217.5662
3H84 350 380 161 62.9690 43.4321 12.4312
4V94_fixed 358 92 163 121.4681 68.3021 346.2465
1BXN 215 114 131 39.2308 87.9012 137.6657
1U6G 299 371 165 92.0828 80.7849 278.3608
4V94_fixed 20 33 123 141.7863 239.3981 148.3414
3H84 402 210 58 125.3955 53.7526 67.7075
1S3X 319 429 48 99.0903 229.1642 168.6742
3H84 223 480 98 128.9381 94.2725 186.6936
4CR2 415 459 121 65.8557 254.7299 346.3336
3H84 11 448 147 110.6063 143.3892 272.3126
1U6G 94 110 94 75.1810 234.6395 201.9970
1QVR 436 308 131 52.1928 331.3730 31.6496
3D2F 118 226 25 56.2357 94.5496 95.2412
3GL1 295 192 60 107.0831 187.1270 108.5391
4V94_fixed 318 474 85 97.7580 188.9022 278.0707
4V94_fixed 312 319 23 162.3742 209.5007 150.3869
3D2F 423 415 89 141.6586 74.3467 110.3533
3CF3 222 475 70 116.6971 343.5953 82.4963
2CG9 331 64 16 89.1111 39.3763 88.9946
3GL1 82 161 108 69.2230 285.5789 59.1203
1U6G 100 197 47 55.2518 16.0812 153.1471
3D2F 467 36 112 112.1666 306.9166 37.1913
1QVR 397 74 152 90.2340 42.3723 308.2022
4V94_fixed 43 124 35 88.0076 165.0010 314.6422
1U6G 372 437 75 157.1986 12.3814 149.0547
3CF3 365 140 129 101.3287 272.0183 261.9374
1S3X 423 167 135 86.7378 235.2833 321.9557
2CG9 188 430 72 111.9556 202.1163 135.0265
5MRC 406 146 26 68.2394 95.1811 261.4195
3GL1 501 272 31 74.1910 13.0696 294.2705
1QVR 75 338 100 108.4097 108.0847 73.7889
1U6G 363 152 46 160.1034 107.1063 85.3888
4V94_fixed 384 404 65 129.8864 85.1336 173.2614
3D2F 381 473 90 96.5538 293.1304 136.9509
5MRC 32 371 21 83.1113 322.7815 92.0381
3QM1 329 355 24 144.0985 43.8135 149.7901
3D2F 393 426 134 143.1180 87.1596 116.1268
4CR2 139 72 71 104.1372 230.2747 279.4156
3D2F 173 359 143 114.8059 279.3710 0.7921
1S3X 129 375 39 108.0566 53.3269 33.4422
1BXN 11 278 91 103.4830 143.2575 303.7166
1S3X 214 410 103 53.8743 291.9533 61.0085
1U6G 472 374 152 146.6773 192.8388 348.3766
4CR2 67 227 97 149.2532 359.0224 172.0070
3H84 410 402 117 138.9628 126.5788 320.9268
4V94_fixed 263 21 97 112.2983 284.3801 34.7539
3H84 293 376 33 46.4833 263.0532 158.6172
3CF3 206 227 86 150.5192 32.1686 215.7567
1S3X 406 408 132 91.8386 212.3889 7.3236
5MRC 110 350 50 75.2116 343.5859 7.5805
3GL1 198 76 146 45.9021 207.7617 66.8278
3H84 375 174 117 138.8881 22.2816 67.9391
3QM1 170 465 32 91.3117 337.6753 138.5235
3CF3 439 351 117 55.5490 141.1311 157.4960
3CF3 179 347 24 42.3261 51.0254 144.9245
3D2F 173 156 87 11.5827 119.3128 154.1318
4CR2 425 237 102 11.7777 72.1086 29.1254
3H84 416 144 110 9.4481 121.8804 39.9016
5MRC 249 135 155 68.7206 86.4365 125.8384
1U6G 110 462 52 85.2203 169.0679 319.8761
4CR2 410 324 33 60.0198 168.5709 4.9322
1U6G 475 266 71 31.7029 157.6519 155.4377
1BXN 335 386 15 157.8694 307.8381 30.9955
5MRC 174 242 109 144.8380 15.4425 191.4316
3H84 340 86 61 66.7395 203.6224 118.9170
1BXN 278 145 15 76.4337 317.1724 237.0835
1QVR 253 206 89 128.1886 333.4517 210.8603
1S3X 499 157 71 145.6142 276.1601 189.4730
2CG9 167 56 159 79.8939 40.9542 355.1787
1S3X 390 294 71 118.8686 226.6496 4.6652
1U6G 448 186 118 128.7207 240.7914 244.3913
3H84 495 201 96 65.7800 92.5955 333.5335
1U6G 246 45 165 30.7342 148.1066 358.3561
1QVR 318 319 104 162.1661 11.9258 2.1474
4V94_fixed 86 190 53 75.1205 86.0843 268.0472
1BXN 184 355 67 87.7521 239.4410 179.3847
4CR2 240 139 68 110.5615 316.5711 51.6269
3H84 215 499 101 141.0077 235.6325 295.1364
3CF3 405 227 124 94.8180 141.7595 75.9714
3D2F 499 423 17 115.8506 22.6893 78.5190
3GL1 352 387 65 96.4189 243.6810 182.6098
1QVR 107 364 90 116.2123 10.9558 199.8413
3H84 485 352 132 64.4061 83.2758 169.4605
3D2F 176 112 158 96.0564 172.7425 228.9270
1S3X 474 361 11 137.7477 94.8545 359.2128
1BXN 151 38 150 161.8096 131.1928 273.1897
1S3X 222 300 132 49.8953 298.4814 198.2332
1QVR 40 220 143 39.2714 0.7243 350.5057
2CG9 380 378 81 54.9632 330.0467 2.0587
5MRC 483 439 142 146.5084 237.8768 78.8744
1S3X 502 70 97 127.1900 88.3227 267.4067
4CR2 402 462 30 134.8936 19.5321 14.2045
1S3X 301 389 28 126.9342 111.2138 42.9221
1BXN 20 476 108 93.7461 322.0429 262.7734
3D2F 166 282 156 84.1988 214.8647 269.5455
2CG9 491 126 86 84.3735 215.3336 316.4610
3QM1 286 287 53 90.6949 105.4202 80.6183
1U6G 240 32 30 130.5845 42.4333 333.0438
1S3X 401 57 34 58.6080 205.5618 90.1867
1U6G 53 167 138 67.9872 145.9543 51.4633
1QVR 469 40 54 173.9746 335.3123 310.8477
1QVR 201 484 148 86.6782 140.2642 341.9804
3H84 179 42 68 70.7162 331.2463 225.7607
1U6G 221 454 22 85.5551 71.7049 63.4165
5MRC 263 293 33 79.0335 82.6762 220.6084
1QVR 444 369 106 108.3191 307.7654 316.4184
1U6G 417 401 67 127.9983 252.2703 166.3460
4V94_fixed 336 208 155 31.4276 286.5373 320.8966
3QM1 158 449 140 113.1883 244.2512 64.7920
5MRC 198 480 77 22.7718 82.4260 7.0568
3GL1 412 218 113 105.7900 166.5593 83.9124
3H84 391 356 133 7.6610 263.0324 340.5746
2CG9 485 376 108 89.6892 234.1408 332.9876
1U6G 436 308 105 52.6724 27.0017 288.0604
5MRC 439 161 80 86.9771 87.9692 118.9521
3D2F 473 485 100 110.2786 62.1689 224.8495
3GL1 366 419 40 101.7476 171.4998 118.9081
3GL1 123 186 35 43.8723 250.4603 213.7406
1BXN 353 402 66 77.4391 272.2395 325.9566
1S3X 206 373 131 75.3532 114.2466 224.6144
1QVR 171 473 124 98.6699 83.3793 355.4841
4CR2 29 459 20 29.4659 327.7373 157.7494
3QM1 134 236 86 176.6574 101.4113 216.4863
1QVR 289 73 155 152.6361 182.7245 209.5188
3CF3 130 238 56 105.3092 330.2280 285.5785
5MRC 375 397 115 164.8232 166.7118 327.7166
5MRC 96 452 118 73.3343 110.1754 311.3069
3H84 152 26 60 109.4025 232.4293 282.5938
3H84 397 480 62 122.1070 246.9657 134.0509
3D2F 464 150 76 64.8169 307.3498 120.0741
1BXN 46 450 126 82.0342 63.8795 156.5784
1S3X 61 355 93 84.5925 116.3947 71.0162
4V94_fixed 252 323 18 70.5868 34.5825 108.3818
4CR2 136 234 148 93.1835 91.3517 25.5412
2CG9 39 389 48 88.4780 286.1619 84.8085
1BXN 438 194 118 49.6278 14.7444 79.6010
3CF3 153 465 164 110.8517 251.9286 63.9462
3H84 484 24 81 94.4881 0.2242 27.7606
3H84 300 14 114 67.0930 306.0387 357.6811
4CR2 444 129 83 76.9503 120.1180 180.7842
3CF3 50 205 168 120.5159 36.7216 43.4651
4V94_fixed 330 146 23 36.4251 226.0311 151.0708
1U6G 330 317 16 88.4213 232.9444 267.5746
4V94_fixed 189 158 119 110.4918 144.9002 247.9548
3QM1 200 124 36 84.6637 260.6614 175.2182
3CF3 207 405 156 95.1203 285.1311 2.6818
1QVR 475 492 43 116.4021 45.9120 206.3341
3D2F 279 308 119 57.8588 28.4304 321.9830
2CG9 454 381 132 130.1646 147.5768 64.8744
4CR2 84 478 115 129.6981 113.4590 290.6202
3D2F 145 358 152 13.7474 148.7907 142.5482
2CG9 188 376 14 63.9114 115.0745 252.6042
4CR2 388 199 126 135.2583 42.7449 334.1355
1QVR 267 358 34 96.3353 229.3184 106.7226
1U6G 186 492 21 35.9823 183.1035 180.0604
1S3X 244 241 161 62.8991 5.9090 77.9281
4CR2 58 23 40 60.7209 52.3446 357.4818
1U6G 440 488 85 55.3338 190.4157 109.7269
4V94_fixed 53 424 16 62.2239 195.1222 31.5772
1U6G 43 141 119 75.6313 350.8860 296.1835
3H84 57 137 56 9.9911 31.7797 58.8844
1BXN 285 394 48 39.0827 56.2465 201.3703
3H84 302 232 162 114.4342 309.6129 92.7009
1QVR 477 385 27 73.7208 193.5113 186.6566
3D2F 291 262 62 17.0915 349.7314 261.1970
1QVR 402 406 49 93.2143 193.2135 295.5644
3QM1 16 407 25 60.8420 300.1882 112.2619
5MRC 378 212 157 92.6171 24.4373 243.6868
4CR2 190 129 148 90.8383 340.2028 129.3274
3CF3 413 483 132 114.1914 203.1299 175.9317
3GL1 309 214 42 96.7245 226.8221 303.7131
5MRC 348 157 99 77.6220 41.3722 290.5224
5MRC 388 70 88 48.1244 183.5217 330.4672
3GL1 42 480 25 98.6795 180.9663 165.8224
5MRC 203 310 143 110.1973 66.3159 251.7810
4V94_fixed 159 46 31 145.2360 179.4909 330.7332
3D2F 18 109 63 131.1178 257.7616 244.7847
1BXN 454 169 27 114.4813 30.9197 203.9381
3H84 248 414 52 94.6419 139.0267 10.7723
1BXN 192 285 76 85.0461 325.3325 100.7222
1BXN 496 213 25 143.7298 85.3953 21.7024
3D2F 447 190 51 30.7538 247.3167 52.9796
3QM1 99 452 67 168.2137 172.1752 199.0992
4V94_fixed 398 215 41 73.9280 0.6912 13.8705
4CR2 461 45 134 38.5113 154.0218 273.6574
4V94_fixed 32 320 136 166.8795 317.2453 245.0610
3H84 236 198 66 35.4521 1.8420 273.1549
4V94_fixed 260 106 73 153.0920 352.8269 263.6944
5MRC 203 55 72 94.1610 14.2623 340.1162
3H84 187 437 119 101.3566 269.8126 315.5697
3D2F 388 57 30 64.1762 228.9576 49.5731
4V94_fixed 139 219 86 87.9326 51.7046 50.8115
1S3X 453 229 45 73.1764 247.7363 321.9304
1QVR 31 149 133 130.5297 66.7146 215.6108
5MRC 360 363 73 84.0676 331.0797 290.2806
3H84 400 323 165 13.1918 173.2953 170.0771
4CR2 444 33 56 127.9071 167.2103 135.1991
3GL1 10 262 161 156.1589 146.4205 232.3153
1QVR 329 268 130 45.9831 350.3722 252.3795
5MRC 383 167 140 56.2892 321.2952 337.4669
1BXN 160 60 143 72.5758 232.0840 311.2668
3D2F 371 322 28 102.8143 300.8543 224.3132
3D2F 50 362 132 75.1598 0.1104 6.0760
1BXN 187 83 142 147.3276 168.3284 113.3168
3GL1 12 381 82 120.1527 210.1822 286.7101
5MRC 165 39 123 170.0724 86.6061 257.2894
5MRC 214 29 123 46.0541 304.3430 201.9149
3CF3 433 483 162 153.7060 59.7281 241.0840
5MRC 110 418 65 149.2640 69.4779 196.9029
3CF3 40 351 73 56.0745 318.8252 205.0239
2CG9 232 249 162 88.5682 112.1801 94.3151
3H84 108 224 73 81.0709 172.1222 60.1315
4CR2 20 463 138 45.5748 222.0822 115.6950
1U6G 400 432 118 121.2542 107.1751 13.8249
1U6G 217 97 144 75.7545 182.2867 352.7248
1BXN 399 442 36 98.2668 300.3056 91.6315
3GL1 338 188 160 122.9704 81.6390 154.9968
3CF3 301 263 17 151.4740 302.2376 282.8531
1QVR 72 359 61 26.7861 334.5285 32.4321
3CF3 353 163 124 101.3289 179.8037 10.6462
4CR2 330 440 36 63.3751 297.0684 332.1693
3QM1 68 188 131 126.0541 41.4033 239.9327
1QVR 59 353 143 70.5097 97.7514 294.3545
2CG9 487 404 141 109.8864 330.9650 87.1633
3QM1 266 366 105 59.3783 71.5932 303.6943
1BXN 337 484 142 137.3164 321.2421 176.2985
3H84 187 314 95 58.4038 271.2886 51.9079
3H84 394 287 80 124.0952 4.6585 231.6373
3CF3 212 281 36 78.4281 67.0739 266.5936
1BXN 220 236 160 98.0506 101.9245 295.1049
3CF3 172 16 115 72.0928 222.2387 110.2592
1S3X 257 98 137 54.4635 138.1074 300.6708
4CR2 274 89 68 109.3114 260.7812 90.0497
1BXN 328 473 121 63.1208 46.5505 287.2500
3QM1 463 327 120 86.6182 220.9202 321.0264
2CG9 55 372 147 76.4155 0.9047 272.8764
1BXN 146 107 11 73.5786 97.6193 32.9785
3H84 186 455 74 46.1120 325.6507 71.1480
4CR2 479 225 60 97.1780 258.1065 95.7264
3CF3 288 336 144 156.6595 91.0207 323.0600
1BXN 399 403 20 104.8878 116.3404 27.3966
1QVR 373 342 53 158.7158 125.8955 351.4827
3QM1 335 46 82 114.0177 5.2613 174.1123
1S3X 187 391 66 57.7144 303.2027 190.5669
2CG9 196 434 132 53.6289 278.6685 254.0598
1QVR 27 338 128 59.9186 89.6053 23.8392
4CR2 465 19 19 55.7585 9.2860 181.2651
1QVR 123 369 76 77.9162 66.7052 215.0898
3H84 285 329 30 96.1023 262.7069 51.9436
3D2F 287 477 64 64.5644 110.1500 258.8090
2CG9 70 83 60 170.7898 96.6071 308.9124
3CF3 322 378 18 104.1973 273.4914 26.3338
4CR2 54 143 82 91.8971 44.0908 31.3175
5MRC 23 100 22 139.5832 25.0047 96.4344
3D2F 143 25 160 147.8101 68.4930 223.5558
5MRC 32 340 19 142.2363 266.2282 43.9704
3H84 21 75 41 101.8933 341.2585 59.6799
3CF3 357 144 76 157.2333 56.9014 331.5759
3QM1 12 73 10 122.1627 275.3671 259.9602
5MRC 360 295 71 75.2358 183.8183 108.5681
1BXN 487 198 62 18.3873 156.2119 145.6941
1BXN 478 50 125 60.9838 156.7489 310.7600
1U6G 443 17 76 49.3739 78.8986 61.1384
3H84 28 490 103 173.8691 27.4152 343.6095
1U6G 186 495 138 11.8156 348.0489 317.7581
3CF3 94 102 37 142.2132 241.9704 41.4329
1U6G 215 76 43 83.3814 113.9100 123.9298
3GL1 15 28 8 125.5083 38.6675 279.7098
5MRC 286 445 105 51.0798 229.9179 115.6141
4V94_fixed 424 478 43 64.9256 175.4744 217.6939
2CG9 418 167 69 81.8966 23.6977 189.6270
4CR2 393 489 43 98.4504 75.9891 198.0884
3QM1 209 501 153 51.5833 207.2802 302.3662
1BXN 222 80 55 140.4802 267.1930 187.7294
4V94_fixed 323 433 151 127.4306 255.9147 116.8374
3D2F 422 229 160 22.7069 167.8495 175.7827
3QM1 215 198 71 89.9163 104.1415 209.6327
1QVR 435 323 140 73.4541 1.2306 141.3708
3GL1 79 431 35 79.6024 110.4535 271.1769
3D2F 497 280 15 133.5755 271.1216 257.8470
1QVR 38 128 63 61.6834 144.6196 152.0308
3CF3 201 390 68 71.9610 133.8732 186.2085
4CR2 404 89 29 44.4364 96.5354 4.8626
1QVR 427 38 120 131.1769 183.6314 38.5306
3H84 482 385 159 160.1838 290.7276 16.6211
3QM1 440 10 164 47.8918 63.6823 100.9343
1BXN 227 80 97 116.3230 125.8889 320.1154
3QM1 277 15 34 149.4784 135.7546 164.2567
1BXN 227 40 52 109.4958 83.8589 312.3983
1QVR 404 491 153 88.4029 358.7061 73.8197
5MRC 386 422 19 98.7227 19.2513 98.1802
4CR2 221 448 149 63.2097 343.5280 271.2832
1U6G 415 359 73 131.3535 143.4652 246.7944
3CF3 456 21 106 27.7646 166.3783 216.7307
3GL1 51 181 146 39.3727 207.0712 66.9432
2CG9 180 401 25 140.1242 39.4364 199.3907
3D2F 248 390 30 149.6972 277.6362 95.7452
5MRC 381 183 77 135.8856 308.1964 264.3517
1S3X 171 459 72 61.9720 168.5929 33.4249
2CG9 416 473 91 107.1085 68.9561 83.2133
3QM1 53 493 25 96.7004 140.1416 114.9476
3QM1 70 128 153 65.3649 329.4610 16.6939
1BXN 464 111 60 149.2589 83.8555 131.4698
1U6G 34 171 117 104.5840 190.8921 43.5524
1BXN 447 159 17 100.5790 25.7092 144.3286
1S3X 79 253 159 146.6380 314.5394 30.0436
5MRC 302 169 45 97.0298 27.7112 277.0965
3H84 212 138 163 128.1741 237.7238 104.9932
1S3X 60 236 151 34.8208 204.5627 330.0088
1U6G 493 253 164 93.6434 75.3820 100.1111
3D2F 286 420 161 106.6828 60.3426 115.1111
5MRC 295 391 136 42.9263 225.1081 19.1439
1U6G 423 393 155 49.1001 319.8701 66.9154
3QM1 353 271 17 45.4306 17.3111 255.3152
3GL1 44 422 58 79.5534 247.7096 138.8232
2CG9 468 390 121 68.3237 40.2154 227.5707
4CR2 55 175 118 129.7805 271.7632 229.5807
1S3X 478 92 68 60.9512 23.6591 149.7159
2CG9 306 399 168 141.8814 247.5895 108.8357
4V94_fixed 428 409 122 130.4123 105.9933 95.1962
3GL1 499 136 37 99.2753 199.7328 64.5844
1QVR 118 303 24 70.3060 76.8333 21.6810
3QM1 170 302 84 87.1973 117.4530 31.5431
3H84 346 309 112 7.3399 280.2949 302.6977
3H84 184 52 95 131.3577 327.2582 348.3816
3GL1 399 90 112 65.8307 48.1319 124.0850
4V94_fixed 355 368 107 130.4178 188.9380 123.9691
1BXN 482 341 85 60.8941 172.3169 275.5767
3CF3 432 409 69 116.5641 332.5288 314.7134
4CR2 270 336 157 97.5291 137.5268 285.4646
1QVR 258 22 156 162.5326 332.4534 186.1707
3QM1 50 305 18 27.8494 58.1775 226.4962
4CR2 243 118 64 64.0582 295.3934 359.5877
1QVR 410 374 51 73.6457 162.7212 341.5381
4CR2 433 403 48 163.7449 44.8506 67.4123
4V94_fixed 460 498 108 122.9643 326.8635 150.7755
5MRC 490 148 123 55.9021 291.5962 223.5714
3QM1 348 389 109 123.2394 158.5035 242.2600
4CR2 45 285 55 46.4427 178.8915 129.5634
4CR2 333 353 63 92.8250 9.1010 151.1829
1QVR 119 396 96 130.2154 311.6152 132.8665
3H84 311 203 139 84.4251 205.0441 48.3457
1U6G 163 478 100 22.7889 34.5763 170.1986
2CG9 71 237 165 110.9450 333.0427 96.0227
3GL1 289 335 59 84.2300 110.4752 59.8598
4V94_fixed 148 46 88 13.6530 131.3193 258.9142
3H84 155 279 79 135.0368 44.8224 3.0525
3GL1 365 10 20 61.0773 13.1245 297.7070
1S3X 359 125 125 14.7520 339.0405 5.6960
5MRC 487 101 35 128.9206 126.4288 48.3396
1U6G 390 470 159 34.4649 18.8866 103.2874
3H84 469 177 83 135.2674 117.3353 31.5655
2CG9 284 473 87 68.1155 345.0838 327.7784
1QVR 345 279 151 90.4130 252.6414 232.9055
5MRC 119 393 35 176.2374 16.7205 251.9074
4CR2 361 71 150 75.5808 123.2051 115.5331
1U6G 188 198 18 119.1267 46.3404 0.4669
4CR2 243 94 129 21.3023 226.7004 232.2981
3CF3 265 325 100 62.6087 285.4975 330.8198
1S3X 302 8 129 89.8586 198.7712 203.9843
1U6G 434 426 104 13.2418 14.7482 43.6044
3GL1 179 156 59 142.9021 192.4334 59.1392
3D2F 406 50 133 14.2299 85.0484 131.2064
2CG9 374 448 65 75.2888 311.5033 32.4398
4V94_fixed 24 93 127 137.6895 239.5121 212.3736
2CG9 74 338 45 120.6553 318.9003 28.3405
3H84 302 215 76 20.3522 343.3054 19.7747
1QVR 429 310 163 104.2357 319.9312 329.7790
3QM1 495 178 68 82.1015 70.7733 95.1613
1QVR 347 341 134 59.4561 172.7069 219.7366
1BXN 362 170 61 55.6739 220.5768 240.7387
4V94_fixed 232 228 100 120.9149 102.7136 153.9657
3QM1 303 143 23 139.6609 60.4635 320.3913
1S3X 135 58 136 129.2308 109.8818 24.2302
1QVR 401 127 150 94.3153 100.2080 21.0211
4CR2 121 136 38 98.7587 176.8986 69.1480
4V94_fixed 313 340 104 139.4834 198.7711 35.5892
4V94_fixed 255 146 124 70.7197 146.6754 189.1965
3H84 479 277 120 27.6994 285.2342 168.6303
4CR2 335 311 161 108.4579 37.4943 182.9185
5MRC 198 450 32 104.0491 50.0602 208.6645
1S3X 201 47 42 67.4535 302.1922 2.4899
3D2F 101 365 138 53.9250 1.6527 209.5850
1BXN 381 272 59 139.2766 195.4977 248.5891
1U6G 430 153 42 96.5311 228.2820 218.9428
2CG9 463 468 25 137.9927 138.0134 265.9639
4V94_fixed 30 410 105 94.3422 184.9749 176.1131
5MRC 380 417 94 60.3995 326.2771 202.3221
3CF3 452 238 60 106.0125 255.1757 225.2340
1S3X 35 107 51 48.3011 18.9671 220.1553
1QVR 325 258 59 104.8909 136.6757 259.0546
2CG9 42 437 152 155.5354 175.9600 69.6621
2CG9 124 353 162 84.7785 62.2381 323.8044
3GL1 398 65 47 73.8056 139.9217 11.3286
1S3X 235 160 146 59.3572 169.4481 220.2623
1BXN 71 441 87 84.4852 235.5191 79.9505
4V94_fixed 350 291 98 78.7728 1.2286 115.0491
1QVR 181 255 144 105.0582 6.3347 285.6809
2CG9 306 369 74 154.3370 207.9447 335.3656
4V94_fixed 123 437 98 88.9691 356.9228 293.2614
1S3X 212 112 54 73.0540 178.7879 105.2217
3D2F 77 320 41 73.1404 19.2092 19.8313
3CF3 243 66 11 100.5404 72.2593 120.2138
3QM1 250 410 15 87.3043 53.7282 341.9166
1S3X 218 246 94 104.0595 126.7883 67.9499
3CF3 217 346 157 36.2037 69.8682 329.2522
1BXN 404 31 50 107.9923 118.7485 265.1816
1S3X 48 187 161 113.3630 123.2377 308.4346
1S3X 465 361 15 31.2877 78.6801 97.3012
1BXN 426 69 63 131.4833 178.9262 152.2642
1S3X 55 91 152 77.2415 93.8066 266.5873
4CR2 177 340 94 145.1589 121.3404 89.5793
2CG9 121 85 148 32.6221 2.3735 209.1712
3D2F 15 68 87 55.7042 101.5086 11.1427
1QVR 107 371 30 129.9573 207.2685 165.5585
1U6G 405 69 105 117.5583 302.5026 272.5236
5MRC 486 156 153 73.6904 233.2695 88.4546
1U6G 83 349 147 84.0058 70.0360 284.3951
3H84 383 297 110 126.9180 343.5934 309.0083
1BXN 165 216 129 98.2958 161.2986 174.8223
3D2F 331 186 32 48.4423 342.2231 131.1351
4CR2 85 395 133 162.7371 165.8289 328.6831
4V94_fixed 472 235 125 121.9316 245.9800 212.7719
1S3X 365 440 144 38.4585 329.7587 344.0539
1U6G 467 404 147 22.4076 134.1485 227.1013
3GL1 232 378 71 64.4560 270.8357 315.8124
3CF3 463 442 44 94.6534 225.0690 306.6093
1S3X 141 394 71 19.5061 189.8963 318.8805
1QVR 288 177 112 100.5046 206.5247 265.4248
3CF3 286 178 128 169.2829 138.5398 324.4014
1U6G 49 25 89 79.8754 343.4558 354.3783
1QVR 286 440 131 62.0027 8.8852 272.3983
3GL1 476 501 111 72.4110 86.2009 73.1444
3QM1 165 150 165 118.7452 276.1506 25.1873
3CF3 476 204 120 90.0793 266.3192 304.4790
4V94_fixed 15 192 97 76.6297 125.8451 197.5507
3CF3 370 47 78 92.4773 238.3674 164.9490
3H84 271 377 74 66.7835 281.4594 26.6809
1BXN 299 105 140 58.0323 265.9746 247.3912
1U6G 170 296 111 56.4813 250.1022 319.2945
1QVR 412 51 37 91.6865 260.1975 187.5455
2CG9 253 85 165 112.8600 157.3028 220.0205
2CG9 252 137 104 55.9181 182.2674 83.4954
3H84 402 381 165 30.4547 203.2175 76.1863
4V94_fixed 402 450 12 128.7893 235.6728 82.5593
4V94_fixed 75 46 122 31.2459 94.2165 212.2037
4V94_fixed 53 51 25 106.3765 346.4779 241.0573
3GL1 13 290 104 67.4965 92.3663 89.2153
3D2F 357 75 52 140.8362 50.2085 53.7293
5MRC 433 464 73 139.0143 166.1648 141.5465
1BXN 102 323 115 155.2960 89.9131 11.9973
1S3X 183 268 159 159.4912 328.1225 20.8586
3QM1 459 270 47 65.3042 313.6513 147.3540
1BXN 468 121 34 117.1865 137.1975 33.7063
5MRC 474 53 85 92.4855 304.6896 197.3950
1S3X 414 450 86 31.9064 296.0478 159.4728
3H84 42 317 100 70.8896 317.3934 109.6772
2CG9 414 460 151 55.9116 354.6469 189.7222
1QVR 134 267 104 103.0684 111.3400 150.0662
4V94_fixed 426 193 59 5.0236 99.7943 334.7509
5MRC 53 391 92 156.8746 358.4744 20.5050
1QVR 364 284 35 84.7866 105.5181 44.5702
3D2F 182 424 92 97.4532 66.9115 198.1527
5MRC 46 120 141 148.4391 24.4738 53.7889
1BXN 238 159 119 139.4731 45.1898 227.9588
4V94_fixed 446 471 150 151.4807 85.2189 222.5924
3H84 22 49 155 86.3900 160.1152 151.1128
3GL1 447 500 160 117.8527 287.9763 144.3576
3GL1 398 109 61 129.3954 333.3713 295.2536
4V94_fixed 228 133 137 160.0772 304.7167 300.5537
4V94_fixed 57 447 47 116.9944 287.8266 277.5326
3QM1 321 441 23 114.5288 196.6131 283.3487
3H84 146 94 148 74.3298 98.5624 83.0702
3CF3 255 230 117 123.9175 94.3252 235.8613
1S3X 119 94 97 158.6179 346.0834 303.8679
1U6G 155 295 131 136.1474 349.7373 336.1387
5MRC 343 433 90 96.4595 292.5979 248.5650
1BXN 67 159 76 100.4977 92.6800 47.7747
3QM1 405 498 57 66.4067 135.3386 289.1970
1QVR 60 418 84 158.0330 250.0275 154.2985
1QVR 100 425 38 63.1680 253.4463 19.5056
1S3X 449 241 36 73.9197 72.5490 211.1336
1QVR 191 85 57 74.1631 33.8885 197.8985
3CF3 273 347 121 70.1665 286.8944 28.5493
5MRC 336 114 72 64.7985 349.3028 253.2628
4CR2 169 272 93 90.7610 139.1604 358.8126
1QVR 462 122 84 62.1633 243.7001 347.1193
3QM1 449 476 9 50.2968 225.9089 210.6390
3CF3 50 407 159 108.3845 165.8458 320.1793
3H84 118 109 73 55.1989 32.4481 33.6901
4V94_fixed 283 196 101 81.3840 26.3201 163.1000
4CR2 451 374 48 72.5528 336.5118 125.7855
3GL1 132 221 156 141.3568 264.9699 117.0214
3QM1 314 415 55 57.1580 78.2312 282.6441
3D2F 74 328 117 81.2543 62.0384 342.5809
3GL1 391 91 14 129.8855 231.4236 241.0636
3D2F 318 460 145 43.9546 124.4586 299.8009
1QVR 185 105 140 52.1893 207.6871 264.5771
5MRC 262 292 88 133.7833 153.9125 24.5828
1U6G 176 383 100 156.6212 41.2088 107.3871
1U6G 29 450 153 91.5280 18.2084 259.0596
3GL1 224 498 76 75.3012 96.3065 288.0186
3QM1 111 327 44 94.4101 269.7563 178.2278
3H84 316 151 156 41.8856 94.5924 261.1722
4V94_fixed 229 103 83 73.1535 94.0745 227.5781
1S3X 58 285 86 52.8489 257.6761 240.1446
1QVR 246 485 39 46.6151 309.8265 203.8854
5MRC 147 71 37 80.6482 14.7436 55.8273
1BXN 402 160 155 77.5942 184.0017 234.2472
1QVR 190 80 14 114.8873 216.8604 257.5566
1S3X 471 361 164 81.0025 45.7972 58.3740
3D2F 437 434 134 34.2794 144.2334 211.3875
3CF3 405 189 150 66.8946 173.5985 180.4164
3D2F 202 385 94 129.6721 358.6974 151.0437
3GL1 138 309 128 54.4659 103.6219 180.3394
3QM1 296 445 65 123.6012 241.1512 285.7671
3QM1 121 217 127 42.1900 105.7959 18.4509
5MRC 435 321 27 114.5790 355.3253 350.8330
3H84 466 252 48 50.2015 298.8663 255.4484
3H84 74 47 27 56.6506 170.3714 37.7325
4CR2 60 60 48 54.7614 141.6022 113.0806
3H84 15 156 57 69.7318 200.1552 49.5407
5MRC 334 140 127 146.2315 332.4972 6.7284
3GL1 188 79 128 153.7036 256.1753 143.2808
4V94_fixed 87 273 22 143.4104 189.8917 40.2831
2CG9 372 145 22 44.8389 84.5056 96.0275
2CG9 55 372 164 79.0688 23.6553 80.3005
1U6G 473 452 96 91.2795 185.1816 14.8712
3QM1 190 91 30 119.8583 14.4833 119.4754
5MRC 391 37 99 159.4857 124.1428 26.6357
4V94_fixed 313 32 155 130.8108 299.2681 315.4117
3CF3 382 204 17 118.4705 194.3035 309.8273
1U6G 220 99 55 69.8222 199.4044 99.0255
5MRC 19 402 145 145.9583 49.2204 0.0358
1U6G 158 251 130 132.8085 332.4404 275.6079
3QM1 30 182 110 115.0952 41.4834 257.2476
2CG9 214 477 110 93.9439 214.3512 35.0115
3D2F 84 336 109 60.5033 100.7424 48.1432
4V94_fixed 17 350 141 107.4667 73.4244 194.2302
1QVR 111 171 156 55.6328 82.7837 130.2255
3H84 91 12 168 86.9766 329.3519 206.9911
1S3X 337 248 46 129.2898 350.0048 68.1887
5MRC 194 225 151 43.1678 41.5743 240.9271
3CF3 299 295 100 78.3649 31.5019 53.9266
4CR2 486 73 35 89.0740 326.8202 322.3701
1BXN 490 480 30 40.4499 187.0055 60.3852
3CF3 345 208 37 23.6546 168.1979 242.9342
3D2F 130 58 152 170.9054 75.6794 162.6498
1S3X 457 351 121 75.5722 142.5146 23.4503
3GL1 481 336 119 130.5778 85.5888 218.4390
1S3X 245 12 67 113.4500 232.2045 250.8290
5MRC 356 388 35 114.8909 102.6459 62.8328
4CR2 350 429 36 76.9771 205.5251 206.1633
1QVR 457 354 152 131.2782 94.4060 308.9408
5MRC 180 452 103 65.3784 100.9729 17.3494
4CR2 360 104 126 132.1714 233.9762 54.4411
1U6G 427 361 70 43.6066 127.1680 176.7472
4V94_fixed 304 344 64 48.8497 234.7958 88.5380
3GL1 211 262 108 168.4566 71.0358 311.3227
4V94_fixed 428 216 114 143.2162 55.8483 228.0427
4V94_fixed 429 433 43 109.4351 303.3647 34.3628
1S3X 177 40 86 67.6961 302.3278 258.8407
4V94_fixed 359 197 145 46.6292 15.0309 271.7167
1QVR 34 123 114 53.2342 247.2563 120.7772
1BXN 257 399 120 34.7140 187.9890 246.9725
1QVR 63 497 79 142.6319 13.3094 336.4690
2CG9 188 380 50 131.5107 24.5079 267.0937
3CF3 407 12 60 73.8773 177.7902 186.5133
1S3X 342 110 143 85.3758 335.3045 328.4233
3D2F 150 392 167 162.1031 132.3369 270.9382
4V94_fixed 268 381 17 37.9667 69.7749 11.0889
2CG9 324 465 12 63.3218 240.1519 344.5767
3D2F 90 395 41 132.9030 352.9640 295.3278
3GL1 321 400 15 74.7079 355.1950 253.6857
3D2F 33 104 102 33.7217 11.5193 7.9454
3QM1 124 249 86 48.7325 78.7203 112.5449
1S3X 264 288 111 132.9801 142.3172 288.9738
1S3X 297 410 95 84.0612 149.3536 9.7074
3H84 215 127 93 95.1025 196.1737 86.7388
1BXN 487 17 54 89.2979 32.6548 292.0169
3QM1 73 199 45 115.8407 181.6526 214.9725
1QVR 277 378 116 101.1777 266.2089 143.3427
2CG9 181 428 25 106.9773 210.6660 173.9573
3H84 365 459 22 69.1955 78.9735 210.9941
5MRC 77 199 116 56.8066 126.7911 321.8901
1S3X 381 464 20 40.4031 99.3196 156.1350
2CG9 11 27 156 74.3996 349.7133 328.7211
2CG9 131 141 131 113.9259 103.1579 151.1964
3H84 394 107 108 140.9374 33.4879 55.9549
2CG9 417 92 48 95.2210 73.0247 115.7513
3CF3 32 377 120 164.8834 184.2603 155.8867
3CF3 360 497 157 66.1072 216.7520 273.8869
3D2F 358 400 86 67.9398 263.6457 303.9333
3GL1 50 301 96 63.7738 19.3858 292.2699
4V94_fixed 289 363 44 43.6196 265.9768 212.8274
3QM1 40 114 93 45.8422 7.8522 300.6374
1U6G 54 276 10 104.7160 323.8432 48.1117
4V94_fixed 270 338 13 62.0589 120.8396 322.9922
4V94_fixed 449 199 33 118.1393 28.6156 297.7529
3QM1 99 15 104 119.7199 231.3048 262.5087
1QVR 82 56 47 104.4211 338.6672 57.4837
3CF3 171 130 73 169.0473 207.3107 64.6531
3QM1 299 107 128 44.4659 187.0944 15.0105
5MRC 405 321 113 106.1891 291.2221 264.4633
1S3X 152 133 153 100.7127 229.5630 41.4541
5MRC 486 65 64 171.7095 98.7132 203.6488
4CR2 68 429 50 161.0379 130.3448 315.1135
4V94_fixed 197 498 53 132.5037 135.3593 30.7442
3D2F 209 243 106 135.6683 51.5149 313.7722
2CG9 500 241 64 133.4173 143.5463 328.3678
3QM1 309 409 42 68.2387 166.1003 103.0977
1QVR 447 371 162 67.1977 90.7718 186.7877
3CF3 77 484 86 72.0915 295.2602 144.5420
1QVR 435 167 165 92.0211 163.0105 252.5371
4V94_fixed 200 222 36 73.0730 8.9965 358.6632
3GL1 353 430 126 93.8722 345.3369 156.8674
3QM1 286 50 142 126.5769 153.0536 232.2136
1QVR 330 51 32 96.7395 276.8409 116.6459
4V94_fixed 198 136 130 38.6120 170.6728 73.5704
2CG9 97 349 135 130.2329 317.2763 83.5167
1BXN 374 23 76 40.4740 353.0482 324.4035
2CG9 355 472 52 100.9903 112.4935 353.1342
1U6G 288 83 89 59.0209 336.9537 284.5309
3D2F 65 225 162 170.0949 265.6458 162.6363
1QVR 437 130 166 137.7141 164.7618 90.1960
5MRC 108 296 59 46.9324 166.6428 22.5806
5MRC 333 383 98 10.5773 323.6736 37.8478
1U6G 408 100 57 84.3708 299.4404 340.6325
1QVR 162 212 73 97.1519 89.9023 312.5624
4V94_fixed 149 499 45 39.9451 48.9645 233.2487
2CG9 415 366 142 142.2957 10.0989 95.5694
1QVR 445 495 34 122.9215 222.8329 107.8445
1QVR 72 381 46 168.1878 71.7185 300.7261
3D2F 108 236 76 53.0259 26.0239 315.3426
3CF3 277 278 51 107.1673 83.0407 89.1547
1S3X 373 486 108 27.4658 60.1069 257.6554
1U6G 51 160 160 58.3269 246.3019 267.6187
1BXN 437 461 20 155.0291 230.8934 348.7757
3QM1 69 454 119 57.4019 50.4239 198.0166
5MRC 456 214 154 169.6800 97.7977 175.0131
3H84 252 15 37 37.1424 146.5766 251.3715
3CF3 283 17 88 33.7672 307.2429 213.8963
1BXN 130 269 149 145.5859 316.5605 260.2873
1QVR 425 146 146 37.9499 7.1647 74.5865
4CR2 309 27 122 108.5600 56.7838 328.7998
3CF3 367 438 120 84.6514 200.0969 73.0812
1U6G 335 139 87 34.4252 275.2882 122.1566
5MRC 25 293 78 144.5346 41.8144 157.6452
1U6G 279 313 79 113.6390 7.9102 290.7281
3D2F 101 228 119 78.8493 94.4721 94.0499
3GL1 185 51 111 21.1738 20.3349 282.3446
2CG9 409 77 59 138.8947 271.9114 86.2761
3GL1 475 364 41 98.1969 286.1934 147.6563
2CG9 77 26 129 101.9789 306.0851 14.1067
1BXN 213 35 162 43.6513 334.6812 256.0640
3GL1 17 28 170 10.1744 137.3737 354.3217
3QM1 172 446 64 78.0332 299.9664 358.5696
1S3X 212 417 145 38.6992 243.5750 51.2547
1S3X 360 471 42 75.0822 112.9378 37.6711
1QVR 462 331 87 104.9657 34.8295 177.6069
4V94_fixed 219 238 132 39.6827 328.1362 335.2604
3H84 212 39 86 63.1082 214.1236 329.9172
2CG9 411 354 91 63.3822 93.3734 210.6569
3CF3 186 326 80 159.8996 247.1771 269.6999
4CR2 481 233 148 126.3481 259.8512 2.6180
1U6G 348 284 132 75.2685 140.3540 355.3193
3QM1 376 457 119 82.1144 109.6526 191.8420
3H84 467 209 13 98.7546 58.5906 116.2165
3H84 298 293 137 126.2873 175.2704 31.8899
1BXN 15 321 82 112.2500 159.2323 156.1912
3QM1 493 215 59 112.6380 103.3657 217.4410
3CF3 404 373 35 145.1404 101.6490 187.7352
1BXN 235 38 146 110.1049 243.5838 176.2796
4CR2 37 223 93 118.5230 152.7167 354.0063
1BXN 222 281 119 18.7527 277.2721 329.9772
3H84 49 472 101 84.2298 81.6975 64.4254
1QVR 379 315 150 156.2157 62.7767 259.0423
3CF3 441 392 69 99.1344 143.3818 355.1658
3GL1 179 471 21 56.7446 47.5332 318.0548
4CR2 241 492 88 73.1277 204.1703 259.1477
4CR2 56 339 129 106.4289 129.4695 141.0440
3H84 135 124 132 110.4753 272.6982 132.1469
1S3X 26 80 108 124.7550 326.8880 335.0806
1S3X 49 92 141 69.6267 229.6416 251.4961
3CF3 101 188 83 159.9426 173.4912 172.5315
3H84 363 404 163 93.1694 138.7465 198.7286
2CG9 400 302 20 6.6325 352.4426 181.1964
5MRC 369 144 100 82.5839 236.7705 213.0898
4V94_fixed 74 34 55 104.0132 234.0228 239.9024
1U6G 439 484 110 38.4773 197.5817 61.0287
3GL1 37 413 139 126.6847 291.6456 294.5884
4V94_fixed 324 189 71 101.2183 230.3558 26.4506
3QM1 142 219 170 72.9970 209.9397 273.6309
3D2F 113 106 99 87.1521 198.3142 184.4679
1QVR 470 245 108 44.3942 79.4748 194.0786
5MRC 232 51 71 88.5146 200.6283 72.9981
3GL1 190 259 65 111.6521 108.7920 216.0257
3CF3 371 469 167 134.6581 346.7780 321.0640
1U6G 365 123 167 73.2979 219.6076 52.1419
1U6G 339 91 107 21.2296 263.8472 221.3773
3D2F 291 463 120 114.9259 131.2104 195.9450
4CR2 99 53 79 136.4764 111.1056 150.4439
5MRC 295 380 59 49.2431 82.9181 123.5776
3QM1 343 260 22 28.5567 13.4430 215.8729
3GL1 326 164 68 119.6360 204.1244 268.9156
3GL1 431 188 162 11.5140 151.9927 265.9134
1QVR 424 124 126 133.4656 125.2356 209.7809
3GL1 401 123 29 85.6202 298.0480 177.0062
3D2F 130 34 116 74.5870 30.2533 121.1173
1BXN 86 28 21 49.7772 279.9725 179.9872
2CG9 442 94 111 76.2941 250.3739 268.1774
1QVR 388 32 32 50.8103 235.1449 165.2780
1U6G 255 384 40 21.8391 328.2296 162.3990
1BXN 24 123 29 40.5032 55.2737 94.8700
3QM1 73 99 81 130.4536 233.7297 100.2245
4CR2 35 175 91 139.7893 288.5113 179.1579
1QVR 432 56 166 97.7278 180.5490 39.2369
1U6G 368 30 121 76.8448 331.7431 111.0535
5MRC 460 472 117 158.8421 166.0447 168.4059
1S3X 372 379 139 11.6555 101.9778 101.9598
2CG9 143 488 146 126.7344 132.5555 310.0374
3QM1 197 74 57 79.8531 83.1674 272.3315
1QVR 195 133 100 105.6586 17.3336 8.5614
3GL1 273 170 56 125.1236 237.4510 220.8329
1QVR 432 493 129 143.3071 167.8958 238.6525
1S3X 248 338 121 48.2027 337.2769 292.0059
1QVR 192 454 162 62.8920 205.2667 268.0102
3GL1 284 117 145 93.8500 324.7755 229.4043
1U6G 24 285 165 54.3304 104.2221 7.6779
3GL1 330 121 42 147.1030 234.3450 321.4667
5MRC 156 330 133 125.9978 158.5316 183.0662
1S3X 377 265 30 146.8299 220.7344 3.8716
1QVR 357 168 26 120.7129 96.1958 28.3618
1S3X 301 55 78 94.7558 343.0823 37.5071
5MRC 166 100 39 72.8620 251.2459 282.2648
2CG9 433 405 104 115.6302 195.2300 129.1932
5MRC 71 65 86 122.8281 318.8613 245.9015
1QVR 414 414 72 154.3170 117.6480 53.9834
3CF3 374 93 87 140.5221 180.1441 144.2420
3GL1 466 250 159 144.9538 97.8870 158.4249
4V94_fixed 100 68 18 108.6036 7.9451 290.0541
4CR2 199 262 82 132.4873 174.1470 320.5039
3H84 239 212 20 28.6078 102.3589 65.8452
2CG9 299 294 63 85.1742 190.0440 23.3362
3QM1 169 499 28 106.0735 248.2514 274.8078
3GL1 369 73 39 74.3580 348.5594 77.2763
1U6G 485 290 154 107.4098 66.3356 248.2438
1QVR 85 352 44 107.0450 177.3069 182.4673
3CF3 298 266 133 39.2936 94.4036 242.5274
3H84 414 215 15 171.0149 296.1433 356.0164
5MRC 376 192 42 100.9150 62.3887 235.0263
3CF3 77 206 24 150.6443 60.5921 277.8115
1U6G 487 467 106 75.8973 77.3358 200.1973
3GL1 82 437 149 124.8985 355.4025 335.0889
2CG9 466 222 22 132.3202 279.9706 36.4679
3QM1 7 352 50 111.2377 319.5342 302.0573
4V94_fixed 46 435 93 105.5697 4.8552 34.4043
4V94_fixed 184 47 142 131.8715 153.4510 315.5357
2CG9 130 100 95 107.4978 64.9909 26.9039
1S3X 276 281 25 32.5999 179.4763 37.2046
1U6G 286 357 165 46.7064 355.6828 45.5367
2CG9 146 82 56 109.5782 233.4948 222.4521
3H84 142 487 25 59.3887 305.8096 164.5635
5MRC 449 479 55 65.1662 64.0396 326.4873
3CF3 364 16 116 45.9527 110.8680 332.9011
5MRC 450 136 37 135.8770 328.0466 284.8800
1S3X 382 436 144 29.6868 278.4655 248.2412
1U6G 24 243 141 71.5003 43.7749 134.3200
3CF3 94 419 119 115.5989 346.3694 151.9261
1U6G 400 14 108 154.8840 212.8285 18.4397
3CF3 482 495 14 121.8831 142.4736 16.3283
2CG9 211 152 88 34.7517 354.9331 115.0572
4CR2 420 197 84 123.8827 82.1504 162.4814
1BXN 358 404 145 40.5341 246.4179 153.8749
1BXN 181 156 47 92.8514 302.2915 86.3179
3QM1 217 10 12 163.5067 275.1340 59.1625
3GL1 247 9 26 119.4207 303.7371 20.3585
5MRC 378 88 147 88.9097 12.7656 130.9962
5MRC 29 283 26 161.8469 49.0349 212.4945
1U6G 138 134 110 19.4518 335.7252 144.9714
3CF3 317 194 27 34.8303 198.0634 91.3330
2CG9 298 435 82 123.0671 59.4457 323.0582
1S3X 279 412 162 48.0668 343.2846 309.6729
3H84 476 264 134 133.3019 184.6007 297.9473
3H84 165 44 67 107.6408 45.7566 4.6034
3CF3 362 255 98 50.3608 248.4240 158.1560
3QM1 421 12 119 155.8062 231.6134 134.9042
4CR2 483 82 112 85.2495 200.7887 237.2676
4CR2 302 363 131 159.7072 302.6783 45.6995
4CR2 482 385 88 92.7495 28.9781 16.3471
3D2F 379 481 82 93.4763 203.3636 258.0222
4V94_fixed 212 390 145 120.8358 175.5455 63.1665
1U6G 362 215 49 129.7543 191.3658 91.0223
3GL1 75 295 80 40.2104 248.9328 300.7877
3H84 288 312 13 78.9282 241.1249 74.0151
1U6G 359 334 151 76.9220 100.0208 163.3398
3D2F 386 343 156 48.0160 172.6481 42.7436
3GL1 12 277 107 83.7358 117.7939 291.7471
5MRC 332 263 87 27.8781 213.5656 234.2950
3QM1 370 305 20 157.2520 227.5144 261.5538
5MRC 163 274 47 85.2413 292.0232 153.5273
1U6G 484 19 35 78.7019 51.8082 117.7221
1BXN 302 452 24 67.9109 337.4059 76.0504
1U6G 291 300 149 116.0258 283.3534 149.6533
3GL1 179 445 165 88.4822 65.1778 73.0396
1QVR 187 208 123 82.4359 314.6668 102.4287
3QM1 80 417 106 46.6193 14.3370 260.1942
1BXN 176 304 42 94.2117 197.4717 27.9624
3D2F 446 385 154 166.0935 98.5149 296.5689
3QM1 436 246 130 66.7697 274.6429 167.2348
1U6G 229 224 78 124.5201 334.3359 262.2958
3D2F 92 337 131 99.4588 135.0648 213.5943
1QVR 457 234 148 64.7761 110.3964 281.5164
3GL1 350 108 169 109.0351 91.8168 277.9056
4V94_fixed 46 486 78 18.4639 274.2881 0.8433
1QVR 133 377 89 117.9129 75.7621 205.1275
1QVR 416 101 113 82.5903 173.9592 57.3267
3CF3 488 12 141 128.9625 79.5718 334.0226
5MRC 102 344 25 153.6579 212.4082 317.0542
1S3X 28 168 167 38.6189 272.4688 34.9284
3D2F 379 179 26 81.7996 105.5829 216.4618
2CG9 375 270 94 7.5200 306.2738 50.7223
1QVR 100 453 92 100.9893 160.6029 315.9719
1QVR 481 196 33 11.3343 268.4919 124.7283
2CG9 252 221 148 39.2225 245.8902 351.6277
1BXN 331 477 99 138.9554 131.8311 5.3986
1S3X 366 198 83 98.3985 300.9993 240.3111
3D2F 263 375 56 122.6086 119.9203 116.6663
3H84 144 281 154 51.5648 80.7826 346.5277
3GL1 234 95 66 62.0509 54.5363 293.5223
1U6G 324 162 109 70.5992 25.5209 351.6481
3GL1 51 409 50 12.9793 250.6876 165.8967
3QM1 119 69 140 128.4163 242.6759 235.6516
3D2F 28 130 138 24.4906 215.3358 130.9649
3GL1 294 115 118 106.8293 254.9061 26.3955
1S3X 142 409 167 93.9591 308.3065 4.0487
3CF3 315 103 25 56.6330 260.5818 83.3637
2CG9 320 434 118 161.1980 206.4189 359.8344
1S3X 149 40 74 44.9401 26.7339 49.0674
5MRC 450 89 132 109.0578 19.6545 199.7972
1BXN 69 369 122 102.7411 217.6869 207.8187
2CG9 206 203 64 27.7024 285.8692 132.6966
3GL1 342 259 61 101.4641 46.7123 353.1003
3H84 126 212 85 149.2906 71.7574 134.7538
2CG9 359 272 147 118.1990 307.3151 52.2490
3GL1 50 118 65 80.1330 163.2520 331.5165
3D2F 310 94 163 88.6293 109.4051 128.2901
3D2F 280 221 72 39.4971 7.2234 156.6145
3GL1 19 197 122 75.1312 32.5107 269.6727
4CR2 241 332 70 65.6517 325.5019 260.5056
4V94_fixed 60 472 25 63.3254 221.5312 13.8462
1U6G 35 451 65 79.8999 5.0385 227.8836
3D2F 85 167 154 28.1212 122.0441 191.6060
5MRC 161 121 112 126.7864 17.3328 141.2579
1S3X 409 444 129 140.0020 129.7202 309.4030
5MRC 402 183 32 59.2167 106.8645 258.6311
3D2F 388 350 162 100.0557 147.3253 52.3870
1BXN 330 41 54 65.1511 77.2392 63.8567
5MRC 340 403 156 125.2889 115.4098 306.5131
1QVR 48 354 115 91.4128 122.8148 58.4342
3GL1 102 455 55 110.5135 141.0656 160.1075
3QM1 137 421 161 107.5578 305.8667 161.5449
4CR2 269 95 149 132.2825 228.2072 13.4216
3GL1 482 263 84 70.6816 184.1188 97.0743
3CF3 362 118 84 41.8008 221.5298 271.4493
3CF3 371 276 137 144.0344 259.2900 16.0260
3QM1 417 255 167 56.6083 131.0008 90.4216
1U6G 191 370 37 28.4148 172.9373 78.6879
4CR2 403 356 118 127.4608 180.7271 77.8682
5MRC 371 360 133 65.2067 290.1035 22.5230
1BXN 349 155 15 84.4784 258.3732 59.7513
4V94_fixed 57 469 133 100.4485 139.7382 233.9467
2CG9 261 18 51 76.5064 170.7545 172.9651
4V94_fixed 464 58 151 154.7230 171.0820 125.2267
1U6G 120 14 112 168.6664 109.6118 198.4006
1BXN 101 28 9 118.3045 172.5527 39.2179
3CF3 94 21 79 109.7319 322.0911 2.6641
1BXN 382 115 57 65.0031 51.3007 216.6238
5MRC 87 82 36 123.4552 83.6810 82.4553
3CF3 219 53 55 138.4475 4.4531 170.1286
3H84 153 130 72 103.8097 126.6598 214.4052
3D2F 447 350 140 17.0750 276.3240 34.4386
1U6G 445 66 116 53.2083 107.6864 2.6828
1S3X 308 151 128 99.9314 49.0915 297.9719
3H84 45 143 148 52.8194 207.8468 87.3889
1BXN 137 210 25 116.3010 170.8411 24.7683
4V94_fixed 226 229 41 73.8801 172.7859 310.7808
5MRC 77 306 19 69.7272 285.6207 188.9097
1U6G 437 380 113 64.9586 260.0282 88.4009
4V94_fixed 281 24 110 9.3256 53.1531 162.2128
1U6G 229 464 107 49.8750 157.2271 70.2677
1S3X 38 262 76 175.2720 191.7367 345.5782
3CF3 181 266 35 24.8535 14.5083 344.2975
3GL1 213 55 10 126.2519 83.0700 195.4865
1U6G 175 87 28 11.8847 38.5598 140.9154
3CF3 439 389 85 38.3072 195.1464 348.3585
1S3X 382 172 38 162.4310 356.1670 284.4597
1S3X 78 334 58 89.7646 116.2614 259.0360
2CG9 348 38 38 66.7135 227.7038 39.9446
3GL1 399 156 103 60.2591 156.8395 114.9367
1U6G 446 215 14 113.4202 89.1775 216.4608
3QM1 423 383 123 106.0295 289.2488 304.8906
4V94_fixed 477 80 12 127.5524 284.7855 159.5817
2CG9 387 363 69 124.6052 289.6387 262.4234
3CF3 175 434 59 109.3232 277.1834 288.7337
4CR2 387 92 70 82.9148 66.2039 240.6406
3H84 387 360 90 141.8667 139.0096 256.4916
3D2F 351 183 150 130.1635 17.6397 95.6273
3H84 98 290 38 81.6336 85.3319 103.8765
1BXN 481 39 13 94.4027 257.6377 217.5687
2CG9 412 442 65 80.4323 241.6728 83.6595
3H84 443 441 12 123.4533 297.8246 152.6513
3CF3 53 202 37 133.5965 18.2145 253.1470
3D2F 14 206 25 120.6924 192.9089 51.3227
1BXN 177 233 141 64.8979 201.1913 141.1245
1U6G 124 480 152 109.8329 332.6103 49.1962
4CR2 289 396 96 108.3836 71.0326 139.8255
1BXN 254 70 68 153.8932 22.4867 69.8853
3GL1 369 402 78 117.8625 123.5755 62.0880
1QVR 360 57 96 131.6604 245.9831 129.2138
4V94_fixed 386 447 114 171.4669 161.1657 38.7355
3CF3 36 69 137 132.1735 114.3557 151.0772
1QVR 253 300 110 73.5064 14.1363 99.3112
3D2F 423 124 22 84.2415 224.9911 160.4325
1BXN 443 168 138 84.5127 115.3600 246.0139
3CF3 373 432 166 82.6351 243.3184 231.4658
1S3X 158 311 98 112.8908 45.0169 173.9653
3QM1 169 138 145 109.0237 236.3144 314.9630
3CF3 391 13 135 78.5075 308.6479 340.9514
3GL1 23 114 131 126.2620 274.4139 139.6586
3QM1 495 128 136 113.3147 217.8805 335.6064
3GL1 46 272 68 55.0656 195.3630 15.6312
1U6G 412 221 27 109.8831 345.7861 198.9933
4CR2 202 273 64 123.0118 168.3598 338.2782
3GL1 32 427 139 138.8635 160.0785 267.7629
3CF3 251 53 94 46.3780 232.1571 61.8648
3D2F 327 275 65 90.8809 33.0647 150.9065
2CG9 32 180 145 96.9056 55.7922 284.3994
3QM1 128 422 170 50.1620 295.7756 291.1681
5MRC 265 365 143 132.4775 104.7222 302.7491
1QVR 386 490 103 105.8522 29.3242 353.8235
3H84 366 148 63 44.2828 351.9969 337.6623
3CF3 16 65 155 101.7758 293.8360 221.6899
3H84 456 337 136 163.3866 351.9541 22.4799
3QM1 9 410 90 122.8840 286.6845 216.8908
3GL1 59 434 142 106.2327 28.3107 119.8853
3QM1 212 291 9 121.1791 26.3111 184.5703
1QVR 307 270 52 55.6963 123.8511 248.9067
1QVR 79 167 30 143.9163 179.3519 255.2937
3H84 84 384 29 117.4428 66.1441 110.7950
2CG9 465 479 17 132.3934 164.1807 125.6336
4CR2 85 279 160 145.1293 110.7564 110.9947
3CF3 457 94 90 87.9583 37.6540 67.6971
1U6G 172 419 121 71.5155 135.1455 225.0795
3D2F 405 307 61 39.1485 306.6197 292.4346
1QVR 203 97 153 144.9254 68.0229 216.3425
1BXN 358 493 50 6.2813 278.8917 217.5736
1BXN 336 488 39 73.3414 267.9138 69.1611
3H84 130 251 68 110.1922 103.1866 327.9977
1QVR 492 39 73 89.0814 147.5091 296.3935
1BXN 313 466 31 31.0680 13.8428 213.1697
3H84 224 497 120 49.7802 207.4981 211.0849
3GL1 394 449 155 43.0366 137.6377 239.4968
3D2F 386 171 14 156.7186 276.3384 310.2695
3GL1 414 214 38 77.7346 133.3717 163.3661
4V94_fixed 179 225 61 112.5678 252.2580 59.5074
1BXN 105 86 107 155.9396 341.9353 336.6834
4CR2 418 115 157 42.1150 159.2677 160.3564
4V94_fixed 466 84 72 106.5350 216.7958 214.7468
2CG9 326 294 68 96.3674 329.6958 106.2820
1QVR 491 85 148 15.9643 264.5608 26.4191
1U6G 402 227 72 116.4076 283.8356 24.1999
3H84 167 235 77 46.1077 102.3976 321.0348
4CR2 447 315 73 90.4631 244.9153 113.2387
1BXN 147 239 79 74.6643 289.6983 47.3254
4CR2 329 322 63 128.0853 45.1991 147.2835
3QM1 158 233 46 55.8211 137.6241 22.5823
4CR2 215 261 119 101.9781 201.8428 138.0128
3D2F 52 195 56 141.8059 136.6022 35.6006
4CR2 321 335 124 129.6617 337.6980 121.5265
2CG9 124 99 110 16.3995 257.9174 55.8460
3D2F 112 52 147 7.1503 132.3663 305.3699
1U6G 192 166 136 166.0310 57.9545 226.9723
1U6G 84 377 107 115.7036 154.8772 167.2200
1U6G 18 61 31 135.8235 270.7900 217.5945
4CR2 426 96 87 112.2674 119.2696 70.4174
3CF3 491 394 33 106.8968 65.6592 268.3908
1U6G 220 223 167 127.6160 329.6194 28.2357
3QM1 211 249 159 96.1604 93.9072 12.6898
3QM1 11 148 96 89.0377 287.2545 265.6142
1S3X 291 212 42 43.6367 282.4597 189.2402
3CF3 374 325 43 104.0663 36.3447 334.3209
5MRC 395 143 126 105.1003 357.3486 113.0629
1QVR 29 134 101 174.2569 352.1579 186.7237
3H84 71 316 94 120.0474 143.7775 4.9691
1BXN 150 87 100 111.5512 50.4964 92.9791
3GL1 18 164 168 161.3184 161.1380 291.4410
1S3X 52 152 94 124.2504 279.5257 94.2234
1U6G 212 136 56 90.0659 230.5849 295.8344
3GL1 487 455 139 138.6954 109.4709 65.9853
1QVR 317 214 91 64.7249 115.1976 33.3737
3QM1 292 86 75 73.7642 302.1628 138.6928
4CR2 258 183 48 94.0272 198.8674 326.9127
3GL1 162 167 95 127.4765 228.7880 148.0919
1U6G 244 242 41 53.2703 109.8992 51.7298
1S3X 439 433 121 110.9846 236.4975 140.7982
3CF3 487 360 143 85.9639 161.5315 341.4008
3H84 495 201 115 106.6617 30.0873 17.0344
1U6G 84 246 118 156.5021 277.2977 283.8167
3CF3 64 456 76 83.2129 49.7349 316.8708
1U6G 219 162 124 44.7565 67.5772 140.1801
4CR2 224 106 17 144.1800 126.5319 3.5277
1BXN 219 111 95 100.4440 263.9516 98.5697
3GL1 230 158 161 89.2971 320.3377 212.6109
3CF3 398 240 11 93.5434 339.7290 12.5995
4CR2 346 28 76 35.4294 112.4958 276.9628
3D2F 245 399 76 38.4716 67.1954 322.5452
3D2F 292 328 134 148.0370 216.0355 260.2289
5MRC 414 171 105 103.2007 7.4971 178.5096
2CG9 336 352 161 99.8193 168.0943 75.5826
1BXN 214 233 116 138.6450 332.9740 72.0747
3D2F 297 431 43 110.9045 278.2105 30.3422
1QVR 53 196 135 52.8921 286.6113 243.1390
3GL1 251 328 57 57.8950 62.6924 240.1840
3D2F 178 98 63 127.6795 202.3000 128.5275
1U6G 400 473 85 35.3958 142.2177 104.8239
3GL1 30 209 81 133.3769 291.1123 308.9342
3CF3 495 185 18 107.3993 311.9477 103.2165
1U6G 475 431 168 33.6154 241.3676 291.2048
1BXN 111 236 15 98.5536 104.0455 235.6627
1BXN 487 373 163 45.9840 321.0218 215.1913
4CR2 29 413 34 103.4909 176.4522 33.1267
1U6G 379 493 129 52.0381 185.4835 115.4824
3QM1 480 382 67 93.3150 15.4412 320.2228
3H84 302 64 163 19.8284 250.1232 281.5396
4CR2 401 138 74 145.4656 86.4083 169.8749
1QVR 216 468 127 100.0386 85.0611 66.8328
1U6G 487 35 36 60.7127 74.5953 160.8139
3QM1 315 377 47 103.7963 203.4817 23.0293
1U6G 401 352 57 152.4371 175.6475 327.5634
4V94_fixed 15 389 38 124.1945 142.5416 36.5913
3GL1 268 327 126 129.5647 5.4569 227.4939
3GL1 419 52 143 119.1418 136.7679 117.1980
3CF3 292 295 81 55.0370 216.1054 244.9941
1BXN 328 160 156 45.3380 23.3022 47.9094
2CG9 200 428 84 91.2948 138.5631 280.4271
4CR2 296 130 27 112.9199 142.4282 203.1169
4V94_fixed 475 358 98 151.1952 106.1704 290.6380
1S3X 161 207 24 96.1268 224.9345 191.4136
3QM1 188 302 88 53.4944 78.0209 43.8264
3H84 261 65 138 94.0404 193.3097 30.9087
1U6G 77 258 45 64.2508 195.2524 107.7152
4V94_fixed 489 103 132 74.8843 130.1217 190.8309
1S3X 233 137 44 167.7558 140.3887 330.5648
3CF3 156 117 82 99.7215 331.1406 110.4898
3H84 336 454 147 165.0389 110.4983 148.9708
1U6G 310 310 61 96.2923 359.8504 27.7430
1S3X 275 20 56 90.3704 89.0986 137.2316
4V94_fixed 320 298 30 59.5853 15.9574 337.4522
1BXN 160 15 159 66.7061 275.2710 211.5310
3GL1 167 309 89 133.0512 262.2583 19.3795
1QVR 375 195 110 84.0515 95.0098 24.4631
5MRC 289 76 127 104.8740 353.2189 118.0832
3QM1 372 501 13 63.6611 332.8127 239.1594
1S3X 345 7 18 130.2945 187.6410 30.3389
2CG9 415 497 120 50.8365 283.2861 116.6717
4CR2 143 226 114 121.8576 73.0326 156.3506
1BXN 175 458 45 75.4731 174.8932 48.5795
2CG9 491 252 19 97.7960 130.9360 348.2265
1BXN 284 342 112 30.9408 74.3487 338.7723
4CR2 38 220 120 110.6075 43.1490 226.4475
5MRC 58 407 135 61.6589 130.5923 322.3999
1QVR 177 284 14 156.4849 132.8662 224.8408
4V94_fixed 164 370 116 164.2526 295.5357 225.3586
4CR2 429 197 28 78.4560 177.5650 8.1283
3GL1 172 491 77 146.7188 63.2474 67.7961
3QM1 154 297 32 170.2912 148.5800 356.1342
3QM1 182 432 109 91.2930 163.4383 249.7409
4V94_fixed 241 316 58 66.9121 12.4870 30.7316
3D2F 29 201 163 99.2750 218.4098 212.0087
5MRC 315 452 52 21.1086 119.8504 222.4647
1BXN 425 39 147 130.0996 232.8815 31.7789
5MRC 39 315 58 34.3945 242.2641 147.0922
2CG9 315 425 20 93.3478 72.4554 333.3439
5MRC 355 55 22 158.4623 57.4800 26.4866
3GL1 465 57 59 98.1359 18.4873 65.2020
3D2F 42 471 158 106.6848 162.7561 75.8546
4CR2 412 351 162 118.8529 259.3235 349.4190
3D2F 219 15 90 120.9747 96.4805 106.8920
3D2F 232 454 127 95.4357 115.5414 179.7727
5MRC 230 210 148 155.2981 169.4664 3.1817
1U6G 312 275 81 103.3054 155.0904 332.2285
1QVR 220 410 137 30.4715 327.9932 67.8243
3CF3 18 485 58 39.0114 100.9139 23.7641
3D2F 343 476 63 69.6997 144.4939 113.6358
2CG9 498 76 86 23.6508 37.7278 180.5056
3CF3 326 222 151 48.2249 347.6912 287.9493
3QM1 475 369 87 158.8518 72.3158 145.7789
3GL1 417 344 98 34.0201 14.5768 292.9691
2CG9 365 12 40 74.0979 294.5617 76.5404
2CG9 444 67 136 53.4636 134.6357 246.6543
3CF3 130 19 74 134.9055 156.4192 282.9374
2CG9 281 389 160 100.9253 337.2610 269.2106
4CR2 309 434 132 111.1627 208.8897 161.5375
1QVR 291 420 90 114.3641 342.1453 314.5270
1BXN 162 455 124 74.6527 22.2487 49.0115
4CR2 386 474 125 33.9450 242.9423 337.7037
4CR2 466 159 130 76.3629 115.0160 25.9446
3GL1 214 451 168 83.6850 138.0411 275.9048
2CG9 420 476 158 79.2517 218.5099 243.3606
1BXN 499 454 133 105.1015 215.6357 308.3301
3H84 202 43 54 82.5769 336.9999 21.8792
5MRC 110 68 56 115.9049 267.3757 242.5850
1S3X 441 258 33 175.0719 136.5302 351.9575
1S3X 335 467 169 54.6760 63.4323 6.5145
3H84 216 66 113 57.1574 154.8948 241.0378
1BXN 358 155 141 76.9420 332.5600 58.9334
4V94_fixed 368 107 22 155.9786 68.4813 7.8698
5MRC 450 99 30 50.1226 155.8609 177.7257
4CR2 195 35 103 124.7362 90.5283 80.7244
5MRC 419 306 76 94.8143 22.2640 142.3565
5MRC 160 64 100 30.3476 319.4403 65.4034
3GL1 19 329 37 158.0226 187.6573 314.5173
1BXN 32 340 102 100.7821 257.6841 8.7616
4CR2 258 43 53 129.4086 290.2866 316.9721
1QVR 109 228 46 103.9020 307.8357 97.8821
1S3X 379 449 133 28.3358 290.8733 216.3637
1BXN 195 112 15 166.9303 316.2673 210.0266
4V94_fixed 376 130 14 43.5146 85.6439 199.7639
3GL1 317 253 30 128.6166 144.8196 268.0697
3CF3 275 441 31 24.5823 57.3480 176.4970
3CF3 424 435 90 166.0432 283.1558 109.5519
1QVR 90 26 152 44.1679 305.6415 97.5768
3CF3 50 481 119 75.8485 9.3148 39.7149
2CG9 283 10 135 153.1044 63.6234 296.5569
1QVR 219 311 165 137.4720 10.1663 308.9737
1QVR 351 473 120 86.5813 229.0059 94.1649
5MRC 79 481 50 94.1166 184.7760 143.3136
4V94_fixed 174 277 123 81.6727 84.6568 120.0285
4CR2 273 445 75 129.3933 228.8818 198.7171
3D2F 240 215 40 28.1438 83.2063 35.8076
3GL1 111 230 153 65.6969 323.2413 95.5707
3QM1 496 232 85 67.3991 31.4736 233.8596
3QM1 35 236 158 142.7337 302.7612 232.5486
4CR2 131 108 148 109.2161 353.0689 107.0882
2CG9 448 54 101 106.3542 1.0825 222.7441
2CG9 155 11 117 86.9876 263.9501 243.1882
5MRC 307 472 128 153.8026 233.0820 97.6025
5MRC 359 133 36 152.4362 239.8215 132.0964
3D2F 339 288 45 92.0351 97.6787 70.9163
4CR2 178 23 160 168.9668 82.7175 81.8528
1S3X 192 386 144 49.7275 323.6318 356.6872
5MRC 240 104 37 112.5794 284.0535 96.1285
1S3X 75 416 45 104.0536 157.0829 172.5430
1QVR 325 300 49 75.5079 148.5565 299.1878
1S3X 390 284 18 144.9573 11.4102 300.8798
4V94_fixed 410 171 138 37.1820 150.8911 274.0891
3H84 440 495 109 95.7789 336.0970 86.5079
3D2F 406 70 70 46.0441 168.3447 108.0356
3QM1 209 93 92 144.9145 311.3990 107.9129
4V94_fixed 151 93 118 65.1651 20.7887 229.2591
4V94_fixed 304 422 110 89.9923 281.4634 321.0227
1U6G 480 212 45 102.2756 191.8939 200.6304
4CR2 441 78 94 129.1374 310.8809 291.1894
1BXN 205 402 116 156.4633 271.2061 137.3944
1S3X 32 207 95 103.0645 192.8182 40.2893
1S3X 227 262 72 108.7831 350.1355 48.6993
2CG9 424 142 88 94.5462 109.6779 319.3435
3D2F 331 199 143 126.8283 185.2970 151.5004
3GL1 67 290 119 70.8635 21.3862 317.1347
1QVR 48 319 121 52.4418 172.9154 334.4233
1BXN 350 33 107 37.6787 189.9128 131.7921
1BXN 493 12 70 136.6240 82.8416 61.5641
3D2F 485 265 164 158.2815 78.6286 105.5697
4CR2 445 240 162 116.9024 45.3231 189.3642
3GL1 187 332 143 13.5265 129.6078 280.2732
2CG9 110 404 135 145.1377 55.7767 229.5482
3D2F 112 274 131 161.9239 129.2406 274.2768
1U6G 242 116 122 31.1317 84.6504 144.5196
1BXN 224 487 24 131.0409 306.7384 47.5681
4CR2 364 160 160 55.0960 38.4828 212.0789
5MRC 334 490 79 82.9591 297.3071 42.4646
1QVR 63 461 112 52.5253 210.7618 123.8000
2CG9 353 419 72 127.7564 243.6173 108.5960
1BXN 225 441 102 53.7139 274.5529 269.3010
3QM1 247 486 18 13.8401 252.3787 158.2270
3D2F 204 496 20 97.2080 116.6362 6.3827
1S3X 270 135 94 128.0523 176.1181 332.9567
2CG9 405 405 94 116.5684 349.7240 298.7931
3D2F 183 416 73 97.7555 15.0106 243.3079
1BXN 122 57 137 104.3701 157.7592 291.9813
1U6G 426 495 151 153.1686 288.3396 78.6667
3CF3 430 229 138 69.7510 257.5181 340.2946
5MRC 261 41 126 65.1433 336.2144 301.8694
4CR2 421 350 49 92.5357 78.8939 93.3150
4V94_fixed 197 331 106 101.0869 165.8379 16.0390
3QM1 35 98 78 81.4486 116.8018 38.7707
1QVR 201 410 39 137.8152 275.1027 89.3574
3GL1 457 427 125 60.0587 288.7531 64.1285
1S3X 129 72 56 63.4254 234.5404 273.9889
1U6G 478 152 101 156.2845 31.7570 342.5786
3H84 437 149 28 53.8925 5.2555 137.3431
5MRC 415 197 133 155.8005 136.9011 337.0816
1U6G 11 369 25 101.4657 145.7491 316.9978
1S3X 184 395 157 123.6622 96.3820 48.5584
3H84 465 240 77 45.5492 222.5217 63.6882
4CR2 167 27 74 144.8542 264.0953 195.6586
3CF3 400 284 104 30.6877 249.7985 239.3980
3D2F 490 154 16 33.9833 18.0395 233.1151
3CF3 499 151 54 65.7391 171.4753 123.4550
3D2F 116 125 122 101.8226 175.9913 114.3372
3H84 494 117 119 142.3725 254.4032 10.4797
3QM1 464 466 158 26.5374 88.0403 205.5066
4CR2 194 215 77 57.6135 208.0858 24.2558
1U6G 116 33 159 107.0423 34.4762 155.0034
3D2F 94 101 122 60.7741 324.6438 353.1896
1BXN 487 489 74 132.1575 335.2049 85.0095
2CG9 315 301 142 50.3296 149.7518 200.0188
4V94_fixed 120 331 32 22.8874 64.8387 354.9629
1S3X 90 449 35 95.3025 210.5290 18.6027
2CG9 486 10 101 64.7709 281.4102 86.5615
1S3X 479 278 147 39.4446 215.7997 303.3908
1QVR 388 312 52 86.0664 20.2441 52.9106
1BXN 241 140 94 138.0377 359.3164 318.8626
3QM1 404 461 81 60.2683 306.1921 48.1701
4V94_fixed 383 312 29 49.1431 221.3311 275.2539
4CR2 78 30 101 61.6288 221.6057 84.9083
3D2F 171 242 153 21.4144 88.4493 171.1528
4CR2 166 148 38 44.8011 0.8582 49.7088
1BXN 171 326 165 59.5176 230.0454 116.5264
4V94_fixed 397 162 68 52.7828 46.7546 42.7059
4CR2 445 357 85 132.2272 52.4054 306.2490
1BXN 417 299 42 142.1526 217.3363 140.8053
3D2F 177 57 63 81.5464 305.2923 19.5564
4V94_fixed 495 282 126 134.4205 135.5396 352.4004
1S3X 369 211 71 91.6730 231.3768 268.6807
3QM1 162 135 15 75.6534 267.4043 352.9636
1U6G 406 283 44 41.2028 306.5352 267.5384
3H84 295 346 140 105.7003 297.0613 192.3762
2CG9 151 122 153 168.8472 18.8608 190.7848
1BXN 195 157 95 133.8316 151.4550 282.1854
3D2F 386 333 16 79.9208 169.9980 324.2361
5MRC 192 301 24 70.0925 213.6706 246.0174
3CF3 171 295 141 111.1026 16.6236 333.6728
1BXN 464 73 113 149.4476 146.4626 215.5118
1U6G 20 307 97 153.4484 49.7954 267.7962
3GL1 250 392 46 40.6902 322.5747 296.2610
3QM1 331 15 17 91.5822 211.7116 166.4109
3CF3 19 159 98 34.4642 106.4063 102.3209
3QM1 200 281 162 86.7519 196.3988 303.7528
4V94_fixed 230 97 157 44.8773 349.0578 52.1435
1BXN 251 406 107 66.4697 148.9887 164.9990
4CR2 278 416 21 64.9400 337.9663 250.1525
3D2F 352 358 121 79.2286 77.6338 319.4717
1U6G 451 333 54 141.4782 277.6936 187.9859
5MRC 190 79 108 71.8707 281.4739 341.0714
1BXN 88 259 136 80.6602 174.2439 196.7537
4CR2 25 151 30 128.3470 25.8665 149.0139
3H84 471 409 82 109.1554 243.0129 248.0192
3QM1 348 370 21 51.0575 10.0316 83.0355
3H84 241 381 76 93.1848 274.3174 192.4596
1U6G 265 296 55 76.4001 345.6692 104.4284
4CR2 296 17 140 93.2902 183.7819 162.0943
3CF3 336 485 57 75.4108 67.6563 0.6918
1BXN 254 212 119 86.7078 218.5015 253.9093
1U6G 177 117 72 44.6763 175.3947 205.9434
3GL1 137 92 13 82.3532 207.8355 206.6521
4CR2 490 51 149 139.8642 171.3173 324.7204
5MRC 438 95 61 93.8662 3.2913 92.5975
3H84 45 12 23 157.2738 326.2849 93.1044
1U6G 434 473 22 121.8284 47.3477 120.8698
5MRC 455 418 24 97.4371 298.3211 300.2606
3D2F 195 498 119 78.4305 67.3776 357.4380
4CR2 250 228 70 143.9685 333.6150 359.7700
3CF3 44 495 21 67.7967 61.8104 286.3152
1S3X 40 209 84 10.6569 150.3344 189.3303
4CR2 350 324 55 62.5237 224.9617 349.0086
3D2F 363 86 29 88.6321 165.0331 290.5533
3QM1 341 119 92 157.6486 225.7461 289.0416
3CF3 179 39 51 126.1722 154.4508 147.3642
1S3X 51 231 139 100.7952 271.4317 4.9426
3QM1 329 121 13 147.5799 151.1057 298.0059
3H84 365 259 81 146.0974 112.2428 319.0158
3H84 484 219 107 88.9188 104.2517 331.9044
1QVR 295 330 113 120.2715 0.3297 97.8989
1U6G 454 175 44 69.8800 305.9989 329.2691
3GL1 341 137 99 63.2454 63.6051 266.3627
1U6G 388 125 28 130.6937 218.8602 5.0922
4CR2 328 177 145 110.2851 149.8453 1.2368
3QM1 338 170 169 114.0810 72.7464 33.2501
4CR2 112 44 27 30.2781 73.8950 228.5255
1BXN 273 500 162 100.2180 137.5029 149.4897
1BXN 448 349 15 75.7401 201.5891 43.1712
3CF3 447 431 103 146.9942 332.7336 152.3283
1QVR 275 57 74 63.8994 172.4163 83.2883
5MRC 22 373 69 93.7291 325.4458 78.4044
1BXN 220 153 106 27.0583 65.3396 314.9195
2CG9 437 115 135 48.8227 259.0098 243.5570
5MRC 218 19 63 69.7094 273.8023 325.2631
1U6G 201 214 57 71.1640 319.9511 270.2382
3H84 350 44 165 91.8655 342.9472 182.2898
3GL1 74 430 19 91.4748 59.8963 231.9716
3H84 182 467 162 22.4995 3.6728 301.4518
3QM1 282 176 76 64.0563 195.8896 280.8320
2CG9 493 229 168 153.6118 351.7472 293.8967
1U6G 476 99 168 106.5470 146.3588 7.1975
5MRC 405 37 72 54.6229 172.6110 315.5135
3H84 375 339 127 80.9073 117.8193 124.4575
5MRC 350 437 160 133.5436 346.6396 135.3347
1U6G 262 157 20 15.5164 325.4576 229.5676
5MRC 281 309 52 169.5512 290.3893 320.4295
3D2F 198 389 116 68.6363 165.7113 95.7447
1BXN 196 342 48 96.8736 311.3117 255.3451
3H84 483 464 77 5.1623 59.9164 118.0462
3D2F 443 446 152 133.6168 215.4057 83.2041
5MRC 128 53 108 140.5251 262.8767 340.0298
1QVR 302 469 74 31.7770 242.2832 235.5344
1QVR 149 15 29 132.4060 40.6720 282.7839
4CR2 88 109 62 46.3277 118.3915 290.9098
4CR2 238 187 22 97.3586 148.6849 90.5534
3H84 470 348 121 23.3896 319.1598 327.5848
3CF3 212 119 75 17.8302 323.1964 180.5946
1BXN 124 260 168 36.4429 83.5098 314.2981
3QM1 464 102 122 90.1179 234.9469 7.9296
2CG9 489 424 168 158.2178 338.9521 0.7948
3H84 393 11 18 94.3498 47.3366 92.3992
3D2F 321 171 95 75.9139 308.3352 146.7708
3QM1 468 402 43 162.5904 271.6392 318.5063
4CR2 236 484 111 81.8352 8.9255 254.5222
1S3X 396 217 12 104.5818 257.3711 1.2741
1BXN 465 109 166 84.4641 17.0112 26.1702
2CG9 302 479 16 71.4341 88.3575 81.8605
4CR2 339 375 44 23.0290 191.8997 118.1583
3CF3 246 66 152 84.2319 355.3227 21.3331
1U6G 318 419 121 114.6189 347.8433 202.8015
1S3X 303 410 80 167.7450 247.2895 76.3191
3CF3 303 163 123 67.7258 122.8333 92.1089
2CG9 410 408 34 141.1803 110.7651 52.6359
4V94_fixed 357 454 78 109.5911 262.1522 223.1369
3GL1 244 16 109 70.3492 200.7624 262.9414
2CG9 371 88 57 101.9970 301.4111 145.8514
1QVR 68 312 82 105.0078 221.6297 153.3608
2CG9 415 51 126 61.7057 299.0104 258.7500
3QM1 47 497 76 146.9994 4.5886 302.0355
3D2F 444 144 138 136.3441 177.2769 149.0459
4CR2 19 348 83 67.5995 138.6193 70.5490
3H84 292 366 155 134.4002 157.3554 105.8846
1QVR 250 457 153 163.7638 335.6309 189.7754
1S3X 219 49 151 80.9037 334.0842 204.1366
3GL1 340 472 138 145.8061 343.1212 245.0531
3QM1 174 380 11 58.7515 212.4082 9.0750
3H84 447 15 36 130.3209 229.4321 216.4559
5MRC 283 287 124 176.8271 347.1920 131.2492
5MRC 143 195 158 68.3135 324.2990 287.7845
1S3X 426 166 126 90.2318 355.0150 127.4553
3QM1 119 225 162 47.4382 321.0803 211.6678
3H84 334 466 157 57.8435 292.8211 161.2228
1S3X 18 420 57 89.4218 306.0166 204.5926
3D2F 372 434 147 37.4266 65.8677 123.5952
2CG9 95 223 81 78.6181 196.4975 274.8743
5MRC 139 279 136 91.5286 0.6256 259.8928
3GL1 357 348 156 73.3650 268.8718 75.3118
4V94_fixed 277 396 68 113.6054 12.1417 106.2534
3GL1 313 127 44 59.3398 72.3833 273.2650
1QVR 133 141 64 174.2656 12.3890 61.1103
3CF3 327 30 24 121.3531 335.1007 76.3799
1QVR 13 437 135 84.3040 301.7459 215.6588
3H84 393 398 36 78.0322 19.3544 248.9589
3GL1 348 201 123 44.1702 163.1450 288.1460
4V94_fixed 59 387 21 150.3790 74.7139 273.6676
1BXN 187 310 75 101.4078 160.4111 267.9081
1BXN 495 156 39 142.1001 195.6681 19.3438
4V94_fixed 229 489 148 93.0506 222.2137 202.3789
4V94_fixed 79 225 157 87.7356 115.2482 356.2086
3CF3 467 386 137 92.0759 214.8076 31.5906
1U6G 376 221 76 104.6319 218.3944 174.9121
3H84 198 417 108 82.0454 17.3145 119.7587
1QVR 210 54 165 16.8062 328.0038 214.8454
5MRC 354 82 81 79.2033 69.9192 319.7080
3QM1 224 469 85 54.2191 319.5269 148.2578
4V94_fixed 161 406 161 38.8059 200.5743 269.8864
3D2F 242 466 124 71.9338 135.0112 224.6373
1QVR 251 495 153 161.4151 216.9359 28.8350
3H84 275 191 130 134.4656 73.3165 155.5328
3QM1 296 353 54 71.7302 11.2262 340.2245
4V94_fixed 329 383 162 102.1546 163.1373 38.4037
4CR2 323 143 69 21.5686 203.0618 0.3588
1BXN 244 9 51 130.3079 255.5255 352.0063
1S3X 175 394 67 131.6159 309.7486 77.9608
3CF3 37 191 52 142.6879 106.6940 134.3066
3D2F 163 460 56 58.1600 166.3117 16.4548
4CR2 74 455 134 104.9685 72.9260 292.9597
3CF3 424 48 17 89.6532 26.3534 109.1276
1U6G 328 109 35 126.6272 313.2561 298.0662
3GL1 353 331 162 34.4306 81.7853 112.6944
3D2F 314 396 32 15.4912 319.3828 80.3189
2CG9 462 275 146 64.3573 168.3687 33.0249
3H84 341 219 129 101.6536 160.2001 293.8933
5MRC 488 446 31 49.7829 282.0012 349.2768
1U6G 435 300 43 91.8432 195.9011 93.1679
4V94_fixed 72 12 52 135.6891 246.8448 152.0057
3D2F 220 290 157 164.7847 67.3497 256.9362
4CR2 404 439 85 138.8200 62.1147 239.8314
3H84 125 127 130 83.2599 269.2341 205.9923
5MRC 447 393 19 165.1569 265.2787 278.4010
1S3X 410 6 119 139.8321 247.6510 105.5098
5MRC 347 201 85 126.9513 227.2086 353.6020
3CF3 270 67 100 88.4441 293.5952 270.9748
5MRC 137 237 34 147.3439 49.4823 346.9242
2CG9 260 232 130 114.2036 349.4265 351.9735
2CG9 493 397 77 55.5780 73.1415 38.0648
3QM1 302 41 146 131.1413 71.8452 53.7513
3QM1 161 155 60 53.8321 40.8407 1.3738
3GL1 299 284 159 89.7175 120.7957 10.5798
3GL1 264 433 16 102.2552 267.7906 39.5085
3H84 477 495 148 96.3741 19.6331 217.7522
3H84 393 275 72 80.3970 176.4638 281.0074
4V94_fixed 481 141 20 137.9152 319.4789 31.8451
3CF3 369 91 110 79.5933 350.7966 59.4912
3QM1 108 130 103 80.4185 298.3634 137.8981
3QM1 150 228 17 105.0753 293.4141 94.0345
5MRC 200 263 20 134.2950 183.9757 296.0614
1BXN 495 122 156 86.2093 41.6246 229.0229
4V94_fixed 177 253 125 61.7015 3.7346 343.2491
1U6G 105 187 67 115.8656 231.9673 201.1954
4V94_fixed 346 412 106 109.9386 214.4187 323.2024
1U6G 274 17 152 17.5603 336.7614 24.1311
1BXN 37 378 146 63.0548 279.3877 223.6740
1U6G 245 112 164 53.9208 272.6614 59.2467
3D2F 472 358 132 142.4240 95.3447 254.0838
1BXN 496 54 100 93.4569 239.0100 7.7571
1BXN 393 380 111 19.4752 201.8527 32.2121
3QM1 19 441 12 108.4932 259.3902 67.0934
1U6G 192 139 163 86.4083 279.9838 104.1336
2CG9 366 478 69 77.3037 69.7541 197.9662
3H84 343 498 159 89.0581 339.6210 117.5318
4V94_fixed 259 211 19 9.8270 99.7569 179.0677
3QM1 35 470 123 75.1445 224.5325 47.6378
1S3X 116 386 115 58.1810 246.5126 354.2336
4CR2 458 205 61 73.9854 193.6787 36.0703
1U6G 382 24 143 71.2621 227.8334 340.3827
3QM1 249 365 80 73.6692 340.8899 298.1225
2CG9 367 440 18 21.0781 154.7015 326.3221
1QVR 173 289 73 90.0864 106.3402 233.1773
1BXN 445 111 115 53.8911 78.8807 159.9726
3QM1 256 484 155 33.5813 106.9336 215.5778
4CR2 436 142 107 130.6239 42.5291 334.0082
1U6G 374 116 115 158.4690 155.6013 270.8808
3D2F 80 455 57 62.2832 312.1101 328.9898
3GL1 474 488 70 118.6059 117.2430 59.7491
5MRC 485 433 62 126.6928 143.8122 270.9675
3GL1 166 63 45 96.1812 18.0906 19.0303
1BXN 140 116 170 50.2310 22.9572 341.2152
1BXN 19 124 44 37.9916 9.0061 296.2730
4V94_fixed 183 81 41 82.3882 265.9721 318.5948
5MRC 47 254 154 115.9438 312.6471 323.8659
1QVR 89 172 45 104.5061 250.4322 27.8351
3GL1 485 370 70 108.2039 108.9744 74.8742
1U6G 20 362 38 125.3845 6.6937 343.7973
2CG9 104 280 143 129.6727 65.6948 280.6684
3GL1 296 66 12 145.1581 32.1044 187.3310
3H84 294 400 11 68.5792 241.0887 202.7950
1BXN 227 86 35 107.2880 239.5627 148.1240
3GL1 355 32 131 136.1966 183.6551 323.8919
4V94_fixed 201 104 57 115.1549 276.1241 92.4195
3H84 298 261 106 42.5568 82.0909 107.9429
5MRC 101 336 86 38.9921 182.8056 83.9163
1U6G 501 185 89 49.0059 74.5636 186.6179
3GL1 373 20 95 79.5948 313.1170 156.9568
1U6G 499 464 80 105.3180 175.9929 60.9813
5MRC 100 206 69 46.1734 311.8978 263.0969
4V94_fixed 296 222 17 124.9718 333.4961 318.1414
3GL1 101 260 122 111.8837 300.2447 318.2089
3H84 121 64 31 87.0307 66.6797 321.8246
1U6G 298 278 26 57.6214 46.0083 223.7219
1U6G 104 206 37 149.5125 78.2678 306.0510
3H84 170 470 53 170.3918 248.6815 140.9287
1BXN 321 20 39 37.1720 77.7352 10.0157
3H84 354 118 21 144.4652 145.1803 134.8062
3CF3 448 44 19 124.4095 296.0706 244.5971
3H84 51 284 113 67.7952 19.4344 314.0824
3CF3 373 62 111 68.7623 355.0028 135.6400
4V94_fixed 478 276 103 70.0557 141.7523 64.6018
5MRC 324 399 56 122.9743 108.2156 326.9642
3GL1 111 393 62 94.3195 101.9153 76.3169
3QM1 308 266 104 165.7790 62.1821 341.9414
1U6G 483 225 129 154.1045 322.5126 309.3695
1S3X 84 142 152 124.7756 243.0241 254.6502
5MRC 423 378 77 123.3775 229.8988 293.9855
3GL1 108 245 120 92.8030 358.1347 351.4037
1U6G 94 400 23 100.7250 286.6599 254.8787
3D2F 50 269 79 49.9535 191.2584 97.9106
4CR2 352 453 121 43.6641 118.9116 339.7378
1BXN 171 201 29 140.6581 303.4589 47.1202
3H84 292 58 146 138.1639 97.3106 323.5433
5MRC 25 491 132 103.6506 88.8024 108.0274
1BXN 339 490 106 63.1038 304.0619 218.3468
1QVR 435 18 137 95.8547 272.1489 35.0015
3H84 425 244 155 53.9299 152.5622 25.8481
4CR2 469 94 102 56.9987 81.0439 159.3125
1U6G 497 477 98 70.9995 70.0274 306.3705
1S3X 393 377 50 77.7634 142.4841 303.5831
5MRC 420 128 52 70.5896 48.4584 129.0984
4V94_fixed 194 98 79 85.9410 47.8766 79.0673
3GL1 388 126 62 67.0447 86.3231 325.4722
2CG9 141 296 159 156.8641 25.3777 72.8619
3D2F 251 201 161 26.2309 309.9278 180.8972
3D2F 49 428 48 111.7221 273.8290 200.8688
4CR2 149 472 124 125.6962 335.8999 20.2292
3D2F 53 303 35 149.8821 150.0272 192.4831
3D2F 150 268 69 129.2527 146.0217 184.3353
3CF3 298 353 157 72.0496 259.8727 79.2151
4V94_fixed 461 214 40 36.0669 124.8316 288.4586
1S3X 393 118 11 166.6188 192.0178 45.5652
3GL1 143 248 61 175.1991 300.9830 30.6536
4V94_fixed 214 191 24 122.0761 234.5323 95.9129
5MRC 197 138 69 77.8481 138.8425 319.9093
1U6G 324 499 118 81.8833 43.0742 271.2008
3GL1 55 24 111 74.0046 331.3889 223.8485
5MRC 325 198 52 125.4503 2.2027 223.2494
1BXN 441 238 17 52.0887 179.4292 263.7981
4V94_fixed 406 99 147 98.4033 23.7554 148.2501
1U6G 501 171 158 27.5074 160.0090 160.8491
5MRC 480 25 119 85.8075 221.9123 57.2121
2CG9 209 69 26 50.7626 305.0187 162.5480
3H84 483 288 61 129.9091 64.7172 314.6760
3CF3 208 47 114 57.1318 237.3504 273.6514
1U6G 298 352 108 146.0796 310.0365 120.3089
1QVR 230 474 165 71.1926 357.7738 185.8391
4CR2 463 20 46 125.5210 58.8451 90.3465
3D2F 352 279 19 70.7336 19.7689 167.6058
3GL1 91 416 99 53.5979 238.3954 271.6793
1S3X 15 44 43 111.7300 161.2650 18.3093
5MRC 469 134 148 60.5400 21.0572 84.0529
3QM1 189 433 38 64.6928 110.0607 163.3580
1U6G 374 74 119 11.2919 281.6807 12.1465
5MRC 318 281 109 96.1762 291.6784 204.9835
1S3X 124 187 144 106.9427 201.3794 175.1914
1BXN 327 369 80 62.9215 137.3151 184.6418
1U6G 498 423 159 154.7437 301.4941 129.2984
1S3X 414 502 10 105.9400 198.1702 100.6465
1S3X 480 220 33 52.6141 243.3748 279.4685
1S3X 339 103 55 37.5319 296.2360 156.0014
3CF3 90 296 92 86.4231 287.9999 231.2751
3CF3 410 221 83 130.5480 176.0120 174.9538
3H84 224 250 70 84.0024 106.6464 209.6230
3D2F 446 446 116 136.0755 44.8394 124.6818
1QVR 257 409 27 90.3523 119.2715 177.1087
2CG9 484 420 41 125.9488 335.9693 103.1765
1BXN 348 318 76 19.2649 310.2460 286.9496
3QM1 134 37 26 142.0247 263.9038 184.6889
1U6G 331 103 21 9.7477 8.3265 165.7815
1QVR 345 47 65 92.5801 275.4252 272.1704
2CG9 325 480 155 95.2880 202.9007 307.6473
1S3X 284 446 47 135.1033 325.5968 10.4561
3D2F 384 48 20 102.0069 208.5768 35.8277
2CG9 192 283 119 89.0237 250.8385 291.3286
1U6G 433 291 103 119.0776 0.6706 187.1658
3GL1 257 149 85 141.5403 80.5443 353.2334
3GL1 250 174 37 8.7207 167.9386 79.4045
3GL1 374 287 94 107.7750 247.8173 205.0239
1S3X 198 37 170 82.3256 238.9530 246.8307
3QM1 469 215 80 122.0685 255.9769 328.4492
4CR2 451 243 108 137.5743 40.8974 69.7915
1S3X 458 39 146 70.5830 181.0451 117.4773
2CG9 191 466 125 155.8994 316.9219 126.8263
2CG9 76 272 94 60.1021 159.7414 337.8633
3D2F 129 368 105 116.4710 239.6113 14.4185
4CR2 404 300 153 82.8079 350.4841 262.5487
1BXN 228 19 27 1.3769 344.9738 120.5188
3CF3 196 392 167 37.2488 340.7920 248.5113
1BXN 455 460 40 58.0538 9.1700 179.3864
3H84 407 96 165 136.5918 284.7979 331.4357
2CG9 71 219 63 84.6295 51.3743 47.3579
3D2F 80 427 99 141.2291 326.8732 344.2104
2CG9 335 114 114 30.2342 178.2202 276.9048
5MRC 320 365 153 144.2526 250.7738 54.0778
2CG9 405 436 54 84.1704 23.3743 79.1214
3D2F 45 276 160 101.3887 56.5436 142.8441
5MRC 72 187 159 158.4059 290.0765 22.1329
3CF3 166 218 19 89.2803 235.9511 17.3529
5MRC 452 464 93 93.2001 208.2609 343.9985
3CF3 397 396 167 78.0421 97.8983 289.9043
2CG9 289 315 156 162.9694 286.9401 107.7649
3QM1 25 179 132 77.7773 158.2002 62.7883
3QM1 471 461 168 69.0947 72.0414 93.7968
3QM1 442 489 142 146.9460 263.5681 19.1647
4V94_fixed 178 123 12 64.4663 274.5428 168.4091
1S3X 308 143 104 149.6727 253.6791 303.5689
3H84 163 34 15 114.1489 42.6531 289.8259
1QVR 395 108 23 93.5927 288.1854 353.4222
1U6G 121 432 41 79.2060 235.1879 111.4704
2CG9 492 449 121 86.5923 130.4093 212.5373
1U6G 443 297 81 60.5081 296.7592 229.3929
1QVR 103 117 67 92.7696 191.8834 181.8706
3H84 491 496 59 83.9450 180.1240 183.5892
5MRC 467 270 25 75.7533 98.6338 27.3349
2CG9 447 331 106 102.0441 263.1077 261.8237
3D2F 51 42 62 76.6859 292.5435 349.0001
1U6G 271 142 166 77.4292 119.9694 161.2568
3H84 295 313 136 77.2194 223.9189 125.6020
5MRC 286 202 155 71.4761 76.3047 208.2007
1QVR 70 428 121 43.1206 292.0911 347.8319
3GL1 170 343 116 122.9989 124.1891 102.4008
1QVR 435 345 165 99.2558 108.9804 53.9901
3GL1 410 489 60 164.4315 25.5152 197.0246
3GL1 124 61 164 132.4694 284.7930 220.9080
1U6G 121 426 24 94.3332 158.2717 35.8769
4V94_fixed 211 23 16 60.4827 39.4763 123.1506
3CF3 336 123 28 97.7988 153.0899 261.4688
4V94_fixed 299 429 12 152.5682 83.8532 114.3427
5MRC 421 74 119 43.1841 92.2446 174.9611
4CR2 382 17 49 66.9878 282.6738 296.9903
5MRC 362 216 22 82.6515 231.0287 337.7006
1S3X 206 9 172 49.9851 308.6828 95.3729
1BXN 364 470 14 137.5535 217.1274 359.7918
3GL1 281 226 34 33.7829 318.3669 271.2892
5MRC 244 65 119 90.7656 79.8538 39.2205
3D2F 156 156 80 86.6767 118.2760 320.1738
5MRC 488 191 149 131.4916 173.9680 8.1356
4V94_fixed 172 358 127 40.0614 359.8123 2.1551
3D2F 15 153 143 88.7158 227.5162 134.3806
5MRC 232 268 143 113.7791 313.0380 91.2917
3GL1 232 220 56 79.1212 225.7078 313.9638
3D2F 417 21 94 107.9880 256.7607 213.5793
4V94_fixed 16 448 62 24.7863 308.3830 2.6605
1QVR 204 437 13 26.5866 184.2060 96.6705
3CF3 336 352 45 138.9763 300.5856 343.7394
3D2F 124 79 167 151.6469 302.5009 59.8695
1QVR 262 46 32 162.0010 210.5162 134.8449
3H84 67 170 44 51.1799 234.1125 115.3816
5MRC 28 255 44 27.5590 96.8373 265.4114
4V94_fixed 18 83 95 74.9973 297.1397 84.3742
3H84 432 204 12 115.9193 302.9123 47.9524
5MRC 63 145 136 85.9315 89.9016 349.3323
3GL1 98 53 12 112.1443 147.8287 289.3222
3QM1 149 46 23 135.1743 276.3836 0.2869
4CR2 452 189 138 80.3832 195.3109 347.6365
4CR2 117 238 137 54.5238 73.1711 205.1106
4V94_fixed 309 179 114 129.7605 195.1554 48.3158
5MRC 298 183 83 159.7919 72.0079 20.9373
2CG9 171 30 31 8.7587 196.0103 314.7075
3D2F 132 38 74 34.7004 299.9574 143.2642
1S3X 160 98 82 123.7468 63.2561 179.8362
3QM1 223 491 66 59.3285 298.5800 85.0985
1BXN 88 493 65 72.6226 98.6112 146.4124
3GL1 186 384 115 45.5439 313.1331 126.1171
2CG9 119 67 15 117.7272 136.5303 278.5583
4V94_fixed 167 75 132 146.2529 258.5773 86.7352
1S3X 359 382 134 148.5849 200.6986 18.5228
1BXN 169 137 97 73.5891 122.1809 31.6277
2CG9 180 406 107 18.5096 219.1312 176.1646
1S3X 374 454 18 114.4210 232.3251 116.4193
1QVR 283 305 98 170.6999 60.3278 314.6558
4CR2 404 212 100 68.7417 249.1701 181.7120
1U6G 205 438 96 21.8523 178.8096 287.7089
5MRC 169 101 92 37.1916 169.6756 346.0170
3QM1 245 158 148 121.1622 314.6562 173.8430
1U6G 175 70 69 91.6288 301.2171 266.5440
1QVR 341 182 129 101.7353 170.5760 177.1517
3H84 248 167 13 41.1488 26.4842 245.1869
5MRC 350 308 20 37.9779 260.7610 64.1121
1S3X 59 346 28 122.8425 152.6059 336.0746
1S3X 230 324 62 73.8943 320.5917 16.2176
3QM1 339 144 139 154.9048 237.2632 187.7756
4V94_fixed 190 24 59 98.2432 89.8957 263.0872
3H84 399 333 17 56.8060 304.1032 27.5350
3D2F 313 405 100 86.4576 262.5795 307.7494
3H84 52 329 149 44.6482 14.0378 82.2155
3D2F 197 109 127 59.7359 192.3059 357.6916
3GL1 337 281 118 108.4484 59.4162 131.9297
3H84 486 452 99 114.9494 54.6381 291.8302
4V94_fixed 179 93 121 44.8663 171.7502 56.3982
2CG9 26 257 134 23.4495 88.2359 316.6346
1U6G 237 68 58 76.4910 99.4862 351.8860
5MRC 142 109 63 133.5970 267.9190 16.6428
2CG9 315 38 32 48.2470 332.4846 172.7721
1U6G 482 134 42 45.2755 242.3551 29.3747
4V94_fixed 125 22 153 110.3502 149.4701 40.9606
1QVR 457 438 162 91.7606 147.4677 109.4082
1S3X 388 311 115 104.5018 197.7938 91.2794
1S3X 50 201 119 134.6474 345.5599 109.0784
4V94_fixed 185 480 139 143.2311 25.3761 213.8156
1U6G 420 22 75 153.5024 209.6338 143.5682
3CF3 91 81 144 79.2607 254.2037 214.0151
3D2F 403 497 107 53.5358 14.3492 4.3063
3H84 14 423 114 59.5767 171.9371 301.5753
1BXN 357 271 168 61.0297 218.3320 269.4887
1BXN 11 111 163 102.7608 6.5833 300.4378
3CF3 403 120 135 166.2110 165.4749 346.9007
4V94_fixed 416 284 88 133.8459 244.2080 279.7353
1U6G 237 45 89 80.1811 277.7619 1.9980
3GL1 134 194 34 114.9622 254.2517 196.8898
1S3X 460 218 13 68.3315 121.3536 100.4751
1QVR 91 475 77 133.5149 304.0867 229.6851
3H84 332 336 41 69.7481 129.1455 131.9357
1U6G 20 397 118 50.5021 238.9517 132.3096
1S3X 360 188 129 140.6180 189.0200 301.5443
3D2F 482 420 28 31.2911 200.1128 211.0110
2CG9 200 420 17 130.0368 152.5880 55.3899
3GL1 503 386 149 145.7913 164.6247 110.9674
2CG9 374 138 64 61.1747 283.5083 139.0253
5MRC 58 22 68 138.4393 320.3798 301.7256
3CF3 353 311 153 82.2286 11.2475 144.9755
3QM1 275 383 167 88.3700 112.7473 103.2869
4V94_fixed 273 128 142 97.7568 26.9829 182.1287
3CF3 359 293 160 104.2675 108.9956 337.9966
2CG9 171 244 60 58.8692 89.7583 79.3896
3CF3 263 186 78 97.4853 252.6442 65.3839
3CF3 373 390 19 93.1085 267.8857 251.2878
2CG9 99 243 107 158.0448 2.0816 17.6454
1S3X 108 188 163 90.6932 290.4677 74.7255
1BXN 418 420 22 28.4211 138.0369 254.3262
2CG9 76 271 39 126.5677 249.4985 16.5165
4CR2 480 170 24 68.1322 125.2560 175.5410
3H84 382 156 47 91.9150 121.8474 348.7315
3CF3 114 207 164 66.3126 61.6454 318.0468
3H84 182 362 83 72.2630 171.0897 55.9617
1U6G 268 36 169 135.9669 261.2513 316.1148
1S3X 186 235 13 91.9621 41.3000 144.7077
3D2F 13 134 130 54.5024 302.1194 352.0639
1BXN 429 497 85 136.9483 41.6140 136.4387
3H84 51 256 25 136.2242 100.9849 40.5205
1S3X 319 309 128 155.3713 307.5614 354.5323
5MRC 466 456 71 110.1073 281.1150 1.5254
5MRC 198 420 60 109.4975 161.1530 239.7027
3GL1 246 315 121 69.0640 246.4676 8.2785
4V94_fixed 278 41 44 36.5983 72.5757 53.1848
1QVR 275 405 141 82.3429 12.9752 60.2352
1BXN 241 29 133 141.8088 70.8440 124.1539
4V94_fixed 135 23 48 134.1613 67.9955 182.0590
4V94_fixed 191 298 64 135.6921 345.7129 184.3682
1U6G 103 292 75 174.7193 248.3458 6.6207
5MRC 303 342 22 129.3286 3.0355 239.2309
5MRC 122 96 43 31.6280 231.4924 74.6531
3GL1 326 59 50 129.2496 269.6428 325.5140
3H84 453 43 78 86.0244 265.0462 315.6356
3QM1 23 116 163 62.9688 263.4498 216.1257
1U6G 467 131 74 102.5231 273.0425 111.6102
3GL1 376 375 30 156.0141 121.6313 273.1607
2CG9 130 353 64 49.9353 35.2427 246.5021
3H84 445 448 82 57.3960 192.2893 281.0112
4V94_fixed 170 257 73 94.9732 121.0893 141.0891
1QVR 210 473 162 97.6001 55.5800 177.4809
3H84 244 335 98 49.2174 163.1608 249.4744
3H84 15 158 74 83.4522 238.7073 295.0220
4V94_fixed 153 479 80 139.9243 223.9285 221.7495
1BXN 157 209 112 87.8136 209.9351 261.9921
1S3X 302 417 142 87.3707 240.4354 240.6595
1S3X 160 301 151 120.5604 103.3835 310.8276
1QVR 299 189 24 136.7095 315.4215 236.4271
1S3X 106 463 75 142.3170 68.3180 16.4424
3CF3 421 352 17 89.0341 172.4262 331.8708
3CF3 182 406 137 85.5797 201.4805 179.4900
4CR2 379 364 47 101.8008 169.4876 146.6045
4CR2 379 468 56 68.7092 80.2338 197.5319
3D2F 260 225 44 125.6158 75.2079 319.1484
3QM1 214 248 146 92.1339 239.5012 133.8703
3CF3 41 280 100 98.3425 189.6874 271.5535
1S3X 216 38 44 75.5671 241.4880 232.4975
3H84 319 198 120 163.1099 317.5613 17.4338
1U6G 81 405 104 81.3858 12.1209 189.5446
1S3X 479 80 43 122.6039 22.3449 290.1663
4CR2 184 399 91 110.1827 31.6710 323.4110
1QVR 196 160 77 46.4328 336.0413 0.2767
1QVR 305 420 37 86.9367 184.4539 116.4696
1U6G 234 121 163 143.5432 222.4264 187.6051
1S3X 63 488 6 83.9607 230.1341 186.8090
3CF3 14 354 22 134.9446 202.6654 127.3049
1S3X 441 247 34 16.8255 331.2771 278.2292
3QM1 17 161 48 51.0195 215.8855 348.5078
3CF3 361 15 65 68.7382 118.7934 194.7277
1QVR 159 492 129 78.9314 283.7322 243.8878
3H84 288 443 144 94.4534 3.6310 134.6049
4V94_fixed 98 430 138 96.2497 47.6447 340.5974
1QVR 333 366 118 15.9573 255.0904 48.6459
1S3X 10 103 107 72.6990 126.4393 43.0066
3QM1 481 477 159 108.7510 46.5604 267.6063
5MRC 194 283 140 29.4617 285.2910 214.0639
1BXN 500 306 134 115.7355 246.1767 264.5567
1QVR 70 306 104 110.8402 77.5319 232.7619
1U6G 279 353 20 79.5972 172.6644 213.4603
3QM1 295 159 93 91.8019 12.9658 112.3441
4V94_fixed 105 189 13 85.1555 165.6881 60.1909
3QM1 313 391 131 67.3537 132.1986 151.8187
4V94_fixed 18 326 101 72.0142 249.0674 26.8825
4V94_fixed 114 190 127 134.8858 306.8940 72.1714
2CG9 450 497 132 98.6312 264.3385 86.6387
3CF3 87 225 107 28.5923 103.0769 152.7034
5MRC 405 426 154 51.6201 179.4399 298.4562
4V94_fixed 68 135 165 70.1152 204.0731 80.0764
4V94_fixed 391 183 113 110.6995 91.7125 184.1800
1S3X 186 231 24 151.9093 175.3061 242.3086
3H84 156 481 52 109.1982 20.9156 23.5012
1QVR 390 114 40 135.7253 14.1414 43.6053
3H84 87 452 91 103.1830 132.1157 4.9479
3D2F 198 464 54 150.8587 144.2018 352.7167
1S3X 444 12 11 104.3135 140.1793 195.7108
3H84 82 221 46 68.1808 321.0577 176.7776
4V94_fixed 203 260 49 123.6311 284.6238 117.8461
4CR2 381 210 59 81.6011 308.8021 67.3179
1U6G 228 281 168 140.1106 155.0697 340.0574
3H84 66 22 92 149.7172 38.5524 282.2887
1S3X 424 455 140 80.3887 178.1520 277.7092
3QM1 437 77 144 134.6531 164.7250 140.6285
5MRC 127 363 24 42.7028 284.7873 299.9532
4V94_fixed 63 46 12 96.8305 103.9326 339.5821
3QM1 486 218 164 152.1550 306.3912 216.5229
3D2F 418 406 18 123.4021 161.4898 222.6414
5MRC 465 346 64 66.0481 52.2915 255.8684
3H84 161 240 11 153.1120 128.9238 267.2009
4V94_fixed 105 111 126 123.5682 108.8102 72.8002
2CG9 352 264 65 82.5030 11.5470 118.7352
3QM1 497 296 147 91.9922 172.7107 67.7472
3CF3 316 132 28 86.8751 93.8442 272.8174
3D2F 388 28 127 147.3674 183.2580 4.8677
3H84 70 36 145 124.1244 149.6710 238.7829
1U6G 242 126 113 99.2134 134.5937 11.0828
4CR2 219 38 25 29.7298 284.9673 63.4442
1U6G 428 164 33 76.2442 276.9737 299.0075
3GL1 311 496 75 93.6983 300.4029 87.0748
3D2F 127 151 50 120.1020 57.2153 329.7413
1U6G 233 27 18 86.1952 147.5550 163.2208
3GL1 158 358 129 7.9128 5.4301 283.6015
3QM1 193 305 50 60.3048 109.5719 302.5148
4V94_fixed 68 281 67 139.9895 97.7334 22.3238
4V94_fixed 435 327 119 86.3254 60.7813 110.5855
1S3X 279 61 62 105.6427 166.5060 151.2922
1U6G 207 499 165 74.3624 209.4843 9.3849
4CR2 129 380 58 138.9780 4.7339 256.9409
1BXN 386 58 55 156.0521 237.3905 216.9094
3H84 437 356 23 93.2213 100.3572 33.8556
3D2F 70 79 14 142.7105 71.3336 106.6444
3QM1 18 78 144 109.8515 192.6068 124.2639
4V94_fixed 124 343 81 99.8586 204.7004 60.0421
5MRC 461 200 101 108.1210 290.5373 356.1551
1BXN 58 217 72 154.2131 358.1059 179.4170
1QVR 178 204 159 93.8666 260.6095 351.3086
1U6G 80 372 36 44.3398 215.3035 124.6484
3QM1 37 475 73 87.8754 61.7078 133.6595
5MRC 136 46 53 29.1062 89.8317 106.4302
3QM1 241 277 167 80.4644 355.9891 195.9973
1S3X 177 367 52 166.7476 217.3464 300.4497
3CF3 326 207 16 35.3607 159.6961 184.5349
1U6G 365 123 69 39.9044 257.1458 83.2521
3CF3 13 52 102 54.3349 127.5787 40.9826
3QM1 115 327 110 57.3120 336.3599 100.9934
1QVR 33 59 161 118.1303 197.7343 296.7034
3CF3 60 282 167 44.6752 182.9642 154.9342
3GL1 361 485 15 90.9493 205.0704 189.1623
1BXN 466 458 10 40.8364 120.6976 343.5652
1U6G 421 244 29 70.3480 228.5938 52.8878
4CR2 69 286 39 90.7062 74.9330 75.8930
1QVR 14 455 162 71.1500 155.8474 109.7045
2CG9 128 436 168 122.1479 348.8809 23.3563
3GL1 83 178 141 93.8997 330.3476 94.3828
3CF3 59 179 24 153.8226 287.9849 81.1691
3QM1 299 443 153 25.0213 358.1390 225.0093
4CR2 436 374 138 62.9719 38.5402 219.5680
3QM1 105 474 92 50.2897 211.6366 264.1404
4V94_fixed 404 325 72 31.2975 308.1228 282.2910
3GL1 276 205 132 132.1288 282.9487 54.1415
5MRC 340 433 63 92.4962 5.3268 71.2196
1BXN 129 113 84 75.2674 318.3184 116.0685
4CR2 118 196 44 49.7819 107.3288 160.7006
1BXN 112 28 91 130.7498 220.0813 197.0832
4V94_fixed 253 364 18 71.2164 264.2737 228.4304
4CR2 62 158 104 139.4260 184.5164 135.1798
3H84 84 239 99 37.6542 188.0677 311.6056
3CF3 105 311 84 15.7576 203.7144 177.9590
1BXN 254 92 69 28.8390 20.5813 116.1191
4CR2 227 61 103 81.4684 93.4514 274.8257
1S3X 337 195 121 109.4625 168.8809 228.9671
3QM1 184 295 118 154.4698 84.6511 148.4779
3QM1 347 214 70 43.0712 273.0961 311.0509
3CF3 444 182 13 48.6029 327.3570 85.7307
1U6G 453 482 135 60.7033 214.1548 251.8270
4V94_fixed 399 301 126 141.3401 345.4309 342.0989
3QM1 181 330 58 51.9828 292.5976 264.1330
1U6G 338 288 82 121.6103 275.6384 353.0897
3D2F 480 249 30 116.1953 185.4181 81.1216
3GL1 493 136 60 152.1133 302.6454 115.9983
1QVR 377 85 37 10.5071 250.5772 92.3670
1U6G 27 77 18 95.0804 96.4101 136.2364
4V94_fixed 305 159 103 61.2036 44.9298 112.0256
1S3X 15 505 23 108.8293 30.4975 153.0219
3H84 404 189 59 102.9217 294.8888 245.1000
5MRC 313 479 51 19.2894 142.6820 196.5037
5MRC 261 416 91 146.2045 336.1926 235.0954
3D2F 25 105 159 67.4619 109.0722 196.7976
3GL1 139 267 14 128.6942 329.1366 51.6262
1U6G 355 154 56 100.7243 337.8380 209.6039
3D2F 367 492 81 148.3375 169.1795 224.3518
3QM1 492 126 28 135.6517 283.4832 192.6577
2CG9 341 260 119 119.6323 304.5194 164.1595
1BXN 81 17 36 163.3798 353.6793 241.9393
1QVR 31 442 118 49.7387 251.9542 342.2742
5MRC 153 149 123 126.3973 220.0858 270.8703
3QM1 35 313 110 78.5846 145.3577 97.8249
1U6G 298 373 25 96.7698 197.5965 48.3943
3CF3 263 332 58 51.4735 193.4234 216.5449
3H84 137 61 119 86.8921 62.4142 242.1654
4V94_fixed 266 205 72 91.1908 243.9299 148.7114
1U6G 61 445 148 94.4426 41.7765 64.5214
3GL1 48 313 140 154.8546 144.0086 162.1964
2CG9 214 155 47 87.2901 302.4180 63.8517
1QVR 186 400 46 59.1203 240.0989 318.6100
3CF3 92 18 54 109.2720 40.3930 269.4024
3GL1 310 383 12 113.0016 54.6899 55.6995
3QM1 221 256 43 104.2027 187.6753 69.7959
3CF3 295 53 117 42.6246 79.0370 152.8732
3D2F 28 171 43 101.4570 240.7940 246.9762
5MRC 262 382 89 76.2987 315.3605 332.8112
4V94_fixed 255 358 115 86.0971 192.6231 106.0097
3QM1 78 217 77 82.8919 72.5532 203.1671
5MRC 365 50 136 81.7483 157.8001 193.2415
4CR2 328 404 116 124.5245 46.4508 99.2399
3H84 324 498 100 56.8792 225.3677 29.8210
4V94_fixed 255 25 15 18.3021 356.8114 192.0561
4CR2 449 178 100 104.9761 305.9173 92.1858
1U6G 304 126 55 56.7760 270.4330 157.3640
1S3X 77 446 76 100.2114 232.3614 150.8493
3CF3 86 198 90 122.1552 175.6052 200.3923
5MRC 142 466 146 92.1475 306.0258 141.1100
2CG9 447 146 120 8.5338 293.3047 116.5160
1BXN 312 157 26 72.7837 219.4316 186.7642
3QM1 86 163 65 70.1665 177.5182 80.2222
1QVR 307 338 159 101.3166 292.4204 136.7554
3QM1 445 173 172 146.0991 45.1030 179.4849
1BXN 345 346 99 110.8052 326.0459 16.9025
3GL1 180 378 119 33.9172 148.8498 269.4159
3H84 176 400 123 133.0171 125.6939 346.2132
1QVR 301 91 13 93.5106 128.0876 164.2621
2CG9 212 435 132 13.4296 286.2503 189.4023
2CG9 423 312 128 166.9513 141.6455 266.2110
5MRC 263 73 47 110.3122 56.7404 199.9605
3GL1 381 451 166 105.2165 163.8527 36.4775
1BXN 11 248 165 70.9935 79.3289 88.0966
3CF3 160 480 18 80.3750 339.5184 189.2206
2CG9 367 207 95 32.9915 347.6805 81.9675
1BXN 283 205 47 77.4432 274.4094 46.9923
3D2F 310 120 41 133.4655 286.3965 90.2643
2CG9 498 474 63 62.2431 90.5454 244.6132
4V94_fixed 292 45 166 75.7519 226.7505 82.3086
2CG9 352 383 81 120.5322 181.0616 197.5381
4V94_fixed 262 234 14 122.2047 153.0905 214.8587
3D2F 342 277 64 53.1342 19.6390 210.9455
1BXN 458 143 66 134.9533 184.0208 352.6478
1BXN 113 96 13 76.6568 331.3989 186.0177
1S3X 318 35 138 129.5549 197.7864 358.4741
1QVR 321 331 84 127.4732 261.4263 26.4923
3CF3 450 188 166 27.5104 161.3125 257.9959
5MRC 183 490 160 78.9112 100.8247 178.8137
5MRC 96 244 155 116.8435 77.3954 1.3761
4CR2 77 371 148 101.9310 130.4602 140.1859
1QVR 436 473 121 49.7372 9.6164 129.8542
2CG9 395 363 21 72.1500 91.7366 349.7963
3QM1 109 270 120 113.3411 80.6570 223.8225
3QM1 120 305 148 108.1434 78.6117 125.0215
3CF3 312 352 42 61.0753 262.8444 225.6170
3GL1 410 502 142 150.0533 333.0010 112.5239
2CG9 276 316 21 64.4854 326.6246 324.6085
3D2F 499 25 73 125.9140 3.3726 95.1220
2CG9 110 45 130 83.5204 307.1312 183.7082
3H84 241 243 61 79.3630 79.4790 245.8593
5MRC 246 356 60 111.4196 200.6805 340.6128
1U6G 460 155 37 80.7814 300.9470 176.8910
3CF3 146 75 158 115.8286 258.4484 281.5740
4V94_fixed 71 170 135 152.2930 295.3364 152.2658
3QM1 414 289 32 39.7201 167.3422 145.1141
1BXN 99 56 166 59.1164 68.4329 245.5996
3H84 417 56 163 104.8677 97.9908 259.6404
4V94_fixed 407 323 147 51.0795 239.4575 332.8842
4CR2 422 74 19 137.1364 11.3496 226.2220
3GL1 140 281 170 131.3029 117.5204 21.3907
3QM1 413 149 46 146.1326 134.1270 134.6918
1S3X 334 156 42 78.2576 298.6597 88.6100
3H84 309 271 148 32.8175 241.2749 325.6412
3CF3 499 409 67 59.0520 317.5707 247.1336
2CG9 494 467 161 105.6406 271.7972 299.9281
3D2F 390 150 162 148.7985 340.2657 162.9287
1S3X 76 339 20 67.1879 182.2508 122.4708
3QM1 244 212 9 65.0110 161.5735 77.4431
5MRC 454 356 34 126.6756 20.0960 258.9115
5MRC 20 199 43 58.6240 11.1298 174.2337
3CF3 109 362 110 74.6162 359.8839 179.5790
3D2F 384 415 164 50.9042 220.7051 16.4048
1U6G 121 328 60 127.6515 140.2072 11.6907
4CR2 446 36 92 10.1697 225.9291 354.3639
5MRC 30 408 73 53.6804 81.3946 152.7401
3QM1 329 148 152 39.2010 309.6106 248.3799
4CR2 376 436 52 157.1654 196.2192 171.9843
1QVR 92 364 126 104.7666 55.9179 252.7385
4V94_fixed 160 496 95 160.8840 117.3568 118.9029
1BXN 95 427 103 153.8045 104.0179 290.3566
4V94_fixed 21 14 163 149.6302 164.1644 340.2681
3CF3 256 370 35 152.8599 229.1517 289.7751
1U6G 19 62 70 17.2708 21.5457 209.7931
3GL1 75 448 101 131.0125 172.3900 12.5739
3CF3 493 300 29 157.3528 176.6405 106.9397
3QM1 501 457 49 88.0170 87.2455 202.4139
1U6G 466 498 83 94.7894 112.9737 58.3252
3H84 46 491 64 115.2509 212.2488 191.1942
4V94_fixed 216 443 81 113.0268 118.9329 136.0288
1BXN 423 12 159 108.4489 340.6026 322.9988
3D2F 64 201 71 95.4646 210.3765 116.6409
2CG9 496 377 38 90.4446 0.6679 118.6305
4V94_fixed 48 376 51 139.2442 277.3368 31.4568
3CF3 227 69 33 15.0279 354.4572 53.1029
3QM1 422 229 31 37.6394 333.0354 341.7982
3GL1 148 50 122 134.6074 10.8393 75.8737
2CG9 18 373 104 28.2244 181.5419 80.3454
5MRC 80 230 135 115.3591 29.5685 179.4799
1BXN 405 22 34 121.6818 92.5846 217.8261
1S3X 148 65 135 46.4656 165.8557 0.5286
3CF3 210 445 51 53.4931 122.0590 193.8293
1BXN 445 501 85 61.9306 243.8317 304.7703
1BXN 372 321 102 127.5799 42.9284 22.0491
3CF3 384 276 119 83.9439 315.3979 67.6815
3D2F 313 306 12 46.0337 54.1024 141.7801
1S3X 208 264 138 20.1340 128.3610 248.6857
1U6G 102 392 81 134.9191 138.4335 168.7782
3GL1 252 311 30 85.9196 44.1648 32.7978
