vesicle 359 9 211 NaN NaN NaN
vesicle 72 777 115 NaN NaN NaN
vesicle 755 797 147 NaN NaN NaN
fiducial 637 835 275 NaN NaN NaN
fiducial 38 174 309 NaN NaN NaN
fiducial 909 979 180 NaN NaN NaN
fiducial 961 783 91 NaN NaN NaN
fiducial 25 92 70 NaN NaN NaN
fiducial 961 260 184 NaN NaN NaN
fiducial 919 668 27 NaN NaN NaN
fiducial 245 188 258 NaN NaN NaN
fiducial 86 359 79 NaN NaN NaN
fiducial 880 853 135 NaN NaN NaN
fiducial 979 583 79 NaN NaN NaN
3CF3 884 440 198 155.5998 181.2487 331.3971
2CG9 29 405 277 100.0707 195.5940 216.0599
4V94_fixed 129 702 29 145.0713 303.6251 190.2049
5MRC 169 821 140 144.4008 53.5110 160.9256
3CF3 298 266 117 40.5986 13.7217 307.8714
1S3X 666 307 179 75.3500 250.2008 118.9686
1QVR 88 392 140 97.0680 99.7004 343.0150
4CR2 277 407 231 139.4419 241.9790 116.6946
3GL1 370 483 47 115.1194 66.9160 128.1058
3GL1 498 446 48 70.6161 317.8745 166.0269
4V94_fixed 329 531 43 70.4129 70.3143 263.5818
3D2F 275 679 297 94.6300 233.8884 73.2908
4CR2 921 242 256 118.4897 16.4053 217.3907
1U6G 766 601 336 53.2900 22.2760 341.4157
4V94_fixed 184 709 137 55.3903 151.3274 215.9692
3CF3 982 843 201 78.6173 207.4434 99.5426
3H84 498 204 197 173.2063 70.2198 304.9694
2CG9 74 882 154 58.7197 89.4708 350.9189
3GL1 747 928 160 38.3351 264.1343 41.4728
1QVR 561 534 184 113.0268 127.9687 72.6538
3CF3 297 511 306 63.7112 87.4699 246.6394
1BXN 394 188 255 175.8356 340.6738 3.0489
1BXN 354 40 79 107.9301 325.2161 203.4883
3D2F 165 604 104 87.7306 304.0931 335.5243
3QM1 400 662 23 99.0799 140.9395 210.0402
5MRC 397 709 231 46.7217 200.5660 211.5601
3QM1 586 818 256 122.6766 168.7824 208.7387
4CR2 853 156 77 94.2906 294.3442 40.3127
3QM1 751 234 278 96.5283 240.8090 277.5486
2CG9 275 676 81 60.9303 46.3149 217.2437
3CF3 291 432 87 174.9235 119.5096 301.7540
1U6G 32 626 86 64.7178 256.2235 13.5217
3H84 101 897 202 61.9120 236.7946 227.1487
4V94_fixed 601 131 192 147.5411 40.8749 150.5756
3CF3 176 204 30 79.2132 338.0099 307.7844
3CF3 386 635 245 123.2375 35.2451 251.4402
4V94_fixed 294 499 229 166.5652 229.7944 20.1183
1U6G 934 321 220 79.3146 19.9931 347.2754
1S3X 795 1002 108 31.1531 308.5470 2.1962
3QM1 772 116 270 97.0981 170.3071 350.1431
1U6G 145 957 283 136.7716 52.1689 348.2970
4CR2 861 464 111 35.0450 216.9651 138.6287
4V94_fixed 689 246 305 51.0692 53.2498 190.4090
1U6G 218 55 227 85.5449 327.3678 167.9866
1S3X 149 826 282 147.4835 72.7724 222.8914
3CF3 610 687 172 116.1581 314.6041 242.3369
5MRC 770 86 315 133.8312 222.0082 87.2663
1S3X 450 496 196 121.3551 68.6156 166.2708
2CG9 786 719 69 62.3999 352.5316 4.6374
1QVR 707 683 171 157.5678 311.5110 253.9504
4CR2 699 670 44 117.4658 221.7354 304.4774
1S3X 829 320 172 116.5094 63.5052 9.9759
4V94_fixed 173 618 141 64.7556 112.3726 71.4545
1BXN 983 60 309 73.9399 99.3351 356.4448
1QVR 934 857 150 77.6056 152.7711 236.0492
3H84 197 922 48 115.1195 105.6128 4.2529
3GL1 558 575 133 67.7535 26.8308 107.5167
3CF3 188 321 24 152.5524 6.0782 88.1693
1U6G 440 256 304 56.3755 108.2804 92.6369
4V94_fixed 338 976 91 132.4574 112.3351 204.5964
1S3X 222 686 224 45.0082 275.9083 109.6971
1QVR 801 223 169 81.9568 64.6727 163.9279
3H84 340 836 206 77.2256 208.0667 224.3341
1QVR 168 189 206 46.4483 115.6546 234.7447
1BXN 760 908 167 91.8797 283.3790 32.7625
2CG9 709 361 148 33.1304 145.6291 266.9038
3D2F 952 270 108 77.5639 66.6750 87.9060
1U6G 729 333 94 56.8442 115.0248 348.0482
1U6G 493 218 219 70.5766 229.6951 68.2610
2CG9 788 39 183 66.6369 37.5215 285.4800
3D2F 726 48 328 85.8409 53.8483 283.1204
4CR2 318 301 299 7.4203 236.5869 151.5337
4CR2 684 913 198 59.7252 132.3039 267.3224
3GL1 369 639 123 74.1840 172.4901 244.1361
1BXN 832 791 280 107.5510 104.9090 230.1844
3GL1 316 449 185 129.2133 148.1100 3.5869
1QVR 355 991 220 156.4497 340.5066 301.7491
4CR2 837 89 188 107.3617 122.8894 250.7296
1QVR 976 941 288 123.6566 89.9863 79.3376
5MRC 209 69 103 75.9682 294.6946 268.1370
3QM1 494 695 271 175.6624 303.7948 0.7166
1BXN 362 281 105 107.3515 225.7516 215.7860
5MRC 954 330 134 65.2171 112.4885 138.7802
3CF3 722 550 239 160.1983 77.6608 187.4468
3D2F 101 317 60 95.9623 341.5100 327.8760
1BXN 572 353 59 31.8960 242.4575 83.1253
1QVR 313 493 127 91.5640 338.7114 24.6151
2CG9 250 407 34 155.5628 79.2256 204.3898
1S3X 679 281 321 106.3441 267.7003 69.2584
3GL1 86 255 177 58.2742 40.1862 51.7252
3D2F 527 604 289 81.6839 10.3128 289.1222
1BXN 408 844 245 103.4033 183.4423 319.6919
3QM1 161 420 165 160.3919 129.7262 258.7893
3CF3 765 270 99 42.6571 113.7213 105.5144
4V94_fixed 143 289 30 96.0753 175.9686 326.7084
3H84 740 588 48 119.9790 25.7216 193.0253
1QVR 537 256 234 173.9260 38.0408 167.2349
1QVR 463 324 188 112.5838 335.3423 186.1702
3QM1 854 434 160 118.0180 110.4055 185.4572
3H84 231 498 231 93.7155 341.4173 217.1662
3CF3 413 182 90 139.3471 61.5919 359.9844
3CF3 948 749 116 128.1886 284.9015 123.1783
3H84 687 722 53 70.9281 314.5685 256.6467
3D2F 387 59 287 38.1114 57.0209 3.2062
1U6G 360 566 315 84.5056 95.6813 275.7187
5MRC 111 707 103 111.8472 20.5466 73.0518
1S3X 962 817 181 30.8122 38.5665 201.4805
4V94_fixed 898 54 310 116.3244 0.5288 173.8324
3D2F 806 748 193 144.6172 347.8395 139.3083
3D2F 130 497 296 165.2982 202.2301 76.0342
1U6G 1000 885 97 45.5111 330.8800 264.2410
4CR2 450 948 99 122.8277 58.5632 172.0799
1QVR 149 760 142 61.6050 9.4819 333.7742
1BXN 194 479 189 145.0475 226.2808 248.5824
4CR2 787 264 208 141.3322 52.7546 344.9489
1QVR 927 338 306 40.8378 315.6344 292.9110
3QM1 691 108 181 60.0877 3.1092 226.4132
3QM1 721 962 166 81.6730 160.8187 69.6831
3H84 248 615 90 129.2747 294.7918 193.1136
3QM1 300 763 337 138.5204 61.5574 330.8389
4CR2 344 49 193 51.8194 355.6402 105.2751
1BXN 785 794 166 67.0104 310.7205 79.6366
1QVR 939 860 208 155.4566 330.5092 169.0405
3GL1 127 745 215 38.0535 165.8991 64.6313
3CF3 678 657 201 90.5942 96.2161 59.1958
1U6G 593 848 307 70.1247 129.4683 86.6361
2CG9 677 403 212 115.8388 248.7551 349.8759
3D2F 936 158 194 148.0263 239.5847 59.3983
4V94_fixed 807 972 33 118.2440 74.6854 316.1724
3H84 67 599 222 117.8363 61.4362 272.5123
3H84 28 250 324 71.2535 151.3459 233.5235
1QVR 183 870 155 68.3158 72.7780 153.7071
1QVR 626 425 327 77.3659 162.8075 2.5686
2CG9 240 591 323 106.3937 324.0834 63.5699
5MRC 343 856 308 60.3133 324.1218 214.6116
3CF3 232 184 129 100.5530 259.5933 336.7081
1QVR 72 396 244 46.4055 236.8429 21.0461
3CF3 819 233 240 108.5055 221.9274 307.7442
5MRC 770 645 177 137.4047 171.8572 73.6680
3GL1 494 84 286 20.6567 228.7420 93.4761
1U6G 583 404 132 108.2808 265.8614 13.9448
2CG9 821 836 185 38.3863 222.4542 44.7947
1QVR 541 773 95 48.4006 217.0662 160.8162
5MRC 540 199 211 99.8612 305.9284 169.5201
1S3X 540 67 55 42.3845 22.2627 183.1206
3GL1 580 379 244 165.7398 139.2272 267.3858
1BXN 299 1003 38 89.0346 280.0602 209.7248
1U6G 899 804 122 118.9411 306.6897 62.7198
1BXN 22 620 236 51.8637 286.4825 303.2275
1BXN 482 954 301 50.2631 79.5538 254.6127
3H84 600 722 51 31.1800 336.7219 311.8624
3H84 971 772 265 106.6774 193.7730 331.8324
3QM1 712 511 236 65.0909 60.9011 32.7933
3QM1 819 472 130 42.7997 14.8996 143.2994
4CR2 428 136 289 110.6372 274.9813 320.6490
1S3X 779 196 222 144.3885 200.2440 2.3544
3D2F 722 895 272 64.5477 215.2606 254.8641
3D2F 382 579 209 64.5364 307.0703 210.7981
1U6G 283 252 169 36.8757 94.7458 174.4161
4CR2 865 749 42 149.3558 231.6238 62.8072
2CG9 291 237 53 132.8972 306.6740 6.7620
1BXN 694 604 270 128.4611 66.6150 259.0993
5MRC 737 604 252 155.2928 350.1007 136.8043
3CF3 358 593 322 86.9959 220.6724 231.6435
3GL1 851 63 62 39.4256 29.7396 282.6490
3QM1 643 713 21 138.6770 59.1394 95.4533
4V94_fixed 337 887 50 43.1241 271.2584 347.1729
3D2F 532 380 68 117.7000 122.0531 177.6448
4V94_fixed 616 318 284 70.7615 196.3073 334.6697
1BXN 43 990 64 104.6593 299.9130 89.7608
4CR2 966 349 224 33.7592 307.0004 151.8917
3H84 787 914 134 111.3833 123.5633 159.9782
3QM1 656 949 79 149.3951 289.3732 65.4024
3CF3 925 484 60 32.9851 90.5600 278.7618
1QVR 571 461 300 118.7926 108.3958 105.3092
3QM1 125 91 79 38.1657 22.0280 234.0348
5MRC 85 950 85 142.8914 19.9070 130.5563
3QM1 88 912 114 81.8014 110.9672 61.1773
3CF3 102 843 220 118.7644 265.4112 21.9982
1U6G 169 379 57 90.8782 279.9593 83.7005
3D2F 182 70 266 141.9238 248.8355 352.9558
3D2F 534 868 140 28.1595 77.9357 34.1970
2CG9 176 760 123 120.3080 331.2810 301.3754
3QM1 220 414 222 118.5077 311.1219 126.1322
1QVR 975 520 221 29.5832 351.9868 280.4309
3H84 91 759 257 90.4013 58.6036 133.7564
1U6G 1002 496 194 103.3306 21.8258 82.5064
1S3X 755 254 345 67.0747 340.3513 9.9848
4V94_fixed 923 125 40 96.3645 100.4784 317.8227
1BXN 453 287 332 94.8033 10.9119 227.9067
1BXN 860 149 310 76.8818 28.2392 62.5858
3QM1 225 675 28 97.8819 8.9402 75.4423
3QM1 63 177 180 43.5928 238.6034 2.5533
1BXN 697 151 337 55.1685 264.1250 88.0969
5MRC 197 404 285 42.1541 108.8686 321.7534
3D2F 884 136 105 151.9035 296.3654 279.5732
3D2F 574 680 89 27.4759 225.3191 299.7107
5MRC 369 116 52 176.4725 279.7496 128.4651
5MRC 979 511 100 81.3356 39.6498 316.5984
3QM1 782 688 217 90.5046 218.0731 26.5366
3GL1 434 50 290 165.7214 232.9518 182.1226
5MRC 351 486 76 44.3900 185.0743 293.2648
1S3X 133 809 34 54.5092 229.7031 294.9065
1QVR 529 831 123 144.1781 248.0855 233.4566
1U6G 416 311 264 53.7294 346.5876 288.3508
3GL1 911 171 119 103.0711 282.2669 245.4306
3QM1 994 468 150 157.0757 155.1126 72.5101
1QVR 458 421 252 101.9970 250.4218 228.4130
3H84 424 146 166 116.4007 35.5772 278.4063
1U6G 764 716 52 157.5167 90.6640 118.6309
3CF3 281 156 246 79.9602 126.2041 56.6631
3H84 504 687 66 36.1644 96.1541 46.0078
1U6G 23 359 287 67.7737 175.6377 130.5353
4V94_fixed 655 673 300 50.8832 240.0708 217.2784
1S3X 369 75 24 145.7703 140.9073 163.3808
3H84 842 404 323 125.1180 212.8288 99.3509
3H84 35 182 221 149.4135 178.4841 222.5957
1S3X 685 60 107 94.2348 325.4386 297.7371
4V94_fixed 303 37 280 75.3637 323.6067 192.2240
4V94_fixed 733 97 117 147.2051 273.9990 72.6188
2CG9 961 226 174 118.7485 15.6395 162.9393
1QVR 459 465 128 118.2510 278.7503 231.8343
3H84 58 539 302 40.5495 222.0796 93.0350
1QVR 377 40 38 142.0887 102.7225 141.5411
1BXN 932 886 257 100.3333 293.1217 285.6374
1S3X 862 657 198 83.7777 115.0172 184.9281
3D2F 381 749 259 75.6529 52.2535 218.7141
5MRC 49 238 162 132.5127 53.2458 190.5946
4CR2 838 725 212 139.4350 192.2950 187.9931
1QVR 548 861 91 36.4820 233.7649 264.8594
2CG9 64 638 26 66.8559 174.1308 122.2383
3D2F 121 899 58 149.1920 12.4524 279.3618
5MRC 46 923 181 120.5786 214.9047 200.9427
1BXN 390 219 216 42.4086 214.8508 265.0168
3GL1 248 219 58 116.1441 172.1233 92.0641
1U6G 684 829 26 48.7396 189.2519 256.1606
5MRC 757 782 309 61.9325 138.9777 183.9953
5MRC 889 820 296 69.5611 79.8963 217.2555
3GL1 969 961 123 21.1334 179.1864 27.5453
3CF3 879 179 313 79.6186 219.6263 117.9816
1S3X 258 23 119 164.7816 14.3160 287.6354
2CG9 322 40 78 104.3738 225.2515 94.6207
1BXN 804 885 213 121.9031 109.7419 23.6018
2CG9 835 746 329 123.3595 348.1884 77.7116
3CF3 845 341 26 165.9933 41.7456 220.3369
1QVR 826 567 250 81.0984 166.2677 50.5685
1S3X 267 873 311 119.2501 134.9631 333.4974
5MRC 927 810 214 96.4536 217.1537 321.6978
3H84 90 624 174 44.5486 209.4811 144.4305
1S3X 844 289 32 48.7447 50.5531 61.7933
5MRC 665 168 67 95.5761 194.2245 66.9563
1U6G 891 912 301 107.9950 349.2773 275.6243
5MRC 135 365 175 152.6081 143.6127 126.5117
3H84 666 290 103 135.5630 293.8514 219.5004
2CG9 771 558 315 101.9050 152.4839 345.5585
3GL1 136 293 141 40.0593 119.5000 62.4991
3D2F 289 420 33 128.7258 246.1383 91.3582
2CG9 632 614 194 99.4780 204.9049 60.4887
1QVR 830 996 60 159.1198 164.7210 23.0405
2CG9 424 717 281 146.4212 81.2916 150.4253
1S3X 156 599 233 122.4645 16.9200 85.9952
1BXN 944 369 118 147.8527 244.4397 212.6653
3QM1 786 391 26 44.3752 275.3828 236.9566
3GL1 933 985 110 76.1960 194.2904 279.7754
3QM1 66 421 129 159.7889 58.5073 157.6159
1U6G 637 846 176 94.7512 266.0818 278.2540
5MRC 197 150 239 70.7245 140.0449 18.7259
3GL1 776 441 171 34.4183 226.2230 125.9329
1QVR 531 146 331 91.6354 279.1933 289.9173
3GL1 255 789 157 89.1570 26.3280 33.0623
1U6G 873 86 62 87.7690 194.2020 342.5403
3H84 201 259 109 29.2844 76.4794 57.9285
5MRC 532 692 182 46.1718 86.8283 72.3062
1QVR 75 344 27 82.8803 256.1753 238.9405
5MRC 344 765 289 36.8590 250.7317 128.7431
3CF3 460 207 209 44.5427 158.0452 251.1154
3H84 243 293 157 77.5158 325.4392 217.5662
3H84 701 761 322 62.9690 43.4321 12.4312
4V94_fixed 716 184 326 121.4681 68.3021 346.2465
1BXN 431 229 263 39.2308 87.9012 137.6657
1U6G 598 743 331 92.0828 80.7849 278.3608
4V94_fixed 40 67 247 141.7863 239.3981 148.3414
3H84 804 420 117 125.3955 53.7526 67.7075
1S3X 639 858 97 99.0903 229.1642 168.6742
3H84 447 960 196 128.9381 94.2725 186.6936
4CR2 831 918 242 65.8557 254.7299 346.3336
3H84 22 897 294 110.6063 143.3892 272.3126
1U6G 188 221 188 75.1810 234.6395 201.9970
1QVR 873 617 263 52.1928 331.3730 31.6496
3D2F 237 452 50 56.2357 94.5496 95.2412
3GL1 590 385 121 107.0831 187.1270 108.5391
4V94_fixed 637 948 170 97.7580 188.9022 278.0707
4V94_fixed 625 638 47 162.3742 209.5007 150.3869
3D2F 847 830 179 141.6586 74.3467 110.3533
3CF3 445 950 141 116.6971 343.5953 82.4963
2CG9 663 129 32 89.1111 39.3763 88.9946
3GL1 164 323 217 69.2230 285.5789 59.1203
1U6G 200 395 95 55.2518 16.0812 153.1471
3D2F 934 73 225 112.1666 306.9166 37.1913
1QVR 795 149 305 90.2340 42.3723 308.2022
4V94_fixed 86 248 71 88.0076 165.0010 314.6422
1U6G 744 875 150 157.1986 12.3814 149.0547
3CF3 730 281 258 101.3287 272.0183 261.9374
1S3X 846 334 270 86.7378 235.2833 321.9557
2CG9 377 860 144 111.9556 202.1163 135.0265
5MRC 812 293 53 68.2394 95.1811 261.4195
3GL1 1002 545 63 74.1910 13.0696 294.2705
1QVR 151 676 201 108.4097 108.0847 73.7889
1U6G 726 305 92 160.1034 107.1063 85.3888
4V94_fixed 768 809 131 129.8864 85.1336 173.2614
3D2F 762 947 180 96.5538 293.1304 136.9509
5MRC 64 743 43 83.1113 322.7815 92.0381
3QM1 659 711 49 144.0985 43.8135 149.7901
3D2F 787 852 269 143.1180 87.1596 116.1268
4CR2 278 144 142 104.1372 230.2747 279.4156
3D2F 346 719 287 114.8059 279.3710 0.7921
1S3X 259 750 78 108.0566 53.3269 33.4422
1BXN 23 557 183 103.4830 143.2575 303.7166
1S3X 428 821 206 53.8743 291.9533 61.0085
1U6G 945 749 305 146.6773 192.8388 348.3766
4CR2 134 455 194 149.2532 359.0224 172.0070
3H84 820 804 235 138.9628 126.5788 320.9268
4V94_fixed 527 42 194 112.2983 284.3801 34.7539
3H84 586 752 67 46.4833 263.0532 158.6172
3CF3 412 454 173 150.5192 32.1686 215.7567
1S3X 813 816 265 91.8386 212.3889 7.3236
5MRC 221 700 100 75.2116 343.5859 7.5805
3GL1 397 152 293 45.9021 207.7617 66.8278
3H84 750 349 235 138.8881 22.2816 67.9391
3QM1 341 931 64 91.3117 337.6753 138.5235
3CF3 878 703 234 55.5490 141.1311 157.4960
3CF3 359 694 48 42.3261 51.0254 144.9245
3D2F 347 312 174 11.5827 119.3128 154.1318
4CR2 851 475 204 11.7777 72.1086 29.1254
3H84 832 289 220 9.4481 121.8804 39.9016
5MRC 498 270 311 68.7206 86.4365 125.8384
1U6G 220 925 105 85.2203 169.0679 319.8761
4CR2 821 649 66 60.0198 168.5709 4.9322
1U6G 950 533 143 31.7029 157.6519 155.4377
1BXN 670 773 31 157.8694 307.8381 30.9955
5MRC 349 484 219 144.8380 15.4425 191.4316
3H84 681 172 122 66.7395 203.6224 118.9170
1BXN 557 290 30 76.4337 317.1724 237.0835
1QVR 506 412 179 128.1886 333.4517 210.8603
1S3X 998 315 142 145.6142 276.1601 189.4730
2CG9 335 112 318 79.8939 40.9542 355.1787
1S3X 781 588 143 118.8686 226.6496 4.6652
1U6G 897 372 237 128.7207 240.7914 244.3913
3H84 990 403 193 65.7800 92.5955 333.5335
1U6G 492 90 330 30.7342 148.1066 358.3561
1QVR 637 639 209 162.1661 11.9258 2.1474
4V94_fixed 172 381 106 75.1205 86.0843 268.0472
1BXN 368 710 134 87.7521 239.4410 179.3847
4CR2 481 279 137 110.5615 316.5711 51.6269
3H84 431 998 202 141.0077 235.6325 295.1364
3CF3 811 454 248 94.8180 141.7595 75.9714
3D2F 998 847 34 115.8506 22.6893 78.5190
3GL1 704 774 130 96.4189 243.6810 182.6098
1QVR 215 729 180 116.2123 10.9558 199.8413
3H84 971 705 264 64.4061 83.2758 169.4605
3D2F 353 224 316 96.0564 172.7425 228.9270
1S3X 948 723 22 137.7477 94.8545 359.2128
1BXN 302 77 301 161.8096 131.1928 273.1897
1S3X 445 601 265 49.8953 298.4814 198.2332
1QVR 80 441 286 39.2714 0.7243 350.5057
2CG9 760 756 163 54.9632 330.0467 2.0587
5MRC 967 878 285 146.5084 237.8768 78.8744
1S3X 1004 140 194 127.1900 88.3227 267.4067
4CR2 805 924 60 134.8936 19.5321 14.2045
1S3X 603 778 56 126.9342 111.2138 42.9221
1BXN 40 952 217 93.7461 322.0429 262.7734
3D2F 332 565 312 84.1988 214.8647 269.5455
2CG9 983 252 173 84.3735 215.3336 316.4610
3QM1 573 575 107 90.6949 105.4202 80.6183
1U6G 481 64 61 130.5845 42.4333 333.0438
1S3X 803 115 68 58.6080 205.5618 90.1867
1U6G 106 335 277 67.9872 145.9543 51.4633
1QVR 939 80 109 173.9746 335.3123 310.8477
1QVR 402 969 296 86.6782 140.2642 341.9804
3H84 359 85 136 70.7162 331.2463 225.7607
1U6G 442 909 45 85.5551 71.7049 63.4165
5MRC 526 587 66 79.0335 82.6762 220.6084
1QVR 889 738 213 108.3191 307.7654 316.4184
1U6G 835 802 134 127.9983 252.2703 166.3460
4V94_fixed 673 417 310 31.4276 286.5373 320.8966
3QM1 316 899 281 113.1883 244.2512 64.7920
5MRC 397 960 155 22.7718 82.4260 7.0568
3GL1 824 436 227 105.7900 166.5593 83.9124
3H84 782 713 267 7.6610 263.0324 340.5746
2CG9 970 753 216 89.6892 234.1408 332.9876
1U6G 873 617 211 52.6724 27.0017 288.0604
5MRC 878 322 160 86.9771 87.9692 118.9521
3D2F 946 971 201 110.2786 62.1689 224.8495
3GL1 733 838 80 101.7476 171.4998 118.9081
3GL1 246 372 71 43.8723 250.4603 213.7406
1BXN 706 805 133 77.4391 272.2395 325.9566
1S3X 412 746 263 75.3532 114.2466 224.6144
1QVR 343 947 249 98.6699 83.3793 355.4841
4CR2 59 918 40 29.4659 327.7373 157.7494
3QM1 269 473 173 176.6574 101.4113 216.4863
1QVR 579 146 310 152.6361 182.7245 209.5188
3CF3 260 477 112 105.3092 330.2280 285.5785
5MRC 751 794 231 164.8232 166.7118 327.7166
5MRC 193 904 236 73.3343 110.1754 311.3069
3H84 305 52 120 109.4025 232.4293 282.5938
3H84 795 961 124 122.1070 246.9657 134.0509
3D2F 928 301 153 64.8169 307.3498 120.0741
1BXN 92 901 253 82.0342 63.8795 156.5784
1S3X 122 710 187 84.5925 116.3947 71.0162
4V94_fixed 505 646 36 70.5868 34.5825 108.3818
4CR2 273 469 296 93.1835 91.3517 25.5412
2CG9 78 779 97 88.4780 286.1619 84.8085
1BXN 876 389 236 49.6278 14.7444 79.6010
3CF3 307 931 329 110.8517 251.9286 63.9462
3H84 969 48 163 94.4881 0.2242 27.7606
3H84 601 28 228 67.0930 306.0387 357.6811
4CR2 888 259 166 76.9503 120.1180 180.7842
3CF3 101 410 336 120.5159 36.7216 43.4651
4V94_fixed 661 292 47 36.4251 226.0311 151.0708
1U6G 660 635 32 88.4213 232.9444 267.5746
4V94_fixed 378 317 239 110.4918 144.9002 247.9548
3QM1 400 249 73 84.6637 260.6614 175.2182
3CF3 414 811 312 95.1203 285.1311 2.6818
1QVR 950 985 87 116.4021 45.9120 206.3341
3D2F 559 617 239 57.8588 28.4304 321.9830
2CG9 908 762 264 130.1646 147.5768 64.8744
4CR2 168 956 230 129.6981 113.4590 290.6202
3D2F 290 717 304 13.7474 148.7907 142.5482
2CG9 377 752 29 63.9114 115.0745 252.6042
4CR2 776 398 252 135.2583 42.7449 334.1355
1QVR 535 716 68 96.3353 229.3184 106.7226
1U6G 373 984 42 35.9823 183.1035 180.0604
1S3X 489 482 322 62.8991 5.9090 77.9281
4CR2 116 47 81 60.7209 52.3446 357.4818
1U6G 880 976 171 55.3338 190.4157 109.7269
4V94_fixed 107 849 32 62.2239 195.1222 31.5772
1U6G 86 283 239 75.6313 350.8860 296.1835
3H84 115 275 112 9.9911 31.7797 58.8844
1BXN 571 788 97 39.0827 56.2465 201.3703
3H84 605 464 325 114.4342 309.6129 92.7009
1QVR 955 770 54 73.7208 193.5113 186.6566
3D2F 582 524 124 17.0915 349.7314 261.1970
1QVR 804 813 98 93.2143 193.2135 295.5644
3QM1 33 814 50 60.8420 300.1882 112.2619
5MRC 756 424 315 92.6171 24.4373 243.6868
4CR2 380 258 297 90.8383 340.2028 129.3274
3CF3 826 966 265 114.1914 203.1299 175.9317
3GL1 618 428 84 96.7245 226.8221 303.7131
5MRC 696 315 199 77.6220 41.3722 290.5224
5MRC 776 140 176 48.1244 183.5217 330.4672
3GL1 85 960 50 98.6795 180.9663 165.8224
5MRC 406 620 287 110.1973 66.3159 251.7810
4V94_fixed 319 92 63 145.2360 179.4909 330.7332
3D2F 36 218 126 131.1178 257.7616 244.7847
1BXN 908 338 55 114.4813 30.9197 203.9381
3H84 496 828 104 94.6419 139.0267 10.7723
1BXN 384 570 152 85.0461 325.3325 100.7222
1BXN 992 427 51 143.7298 85.3953 21.7024
3D2F 895 381 102 30.7538 247.3167 52.9796
3QM1 199 905 135 168.2137 172.1752 199.0992
4V94_fixed 796 431 82 73.9280 0.6912 13.8705
4CR2 922 90 269 38.5113 154.0218 273.6574
4V94_fixed 64 640 272 166.8795 317.2453 245.0610
3H84 472 396 133 35.4521 1.8420 273.1549
4V94_fixed 521 213 147 153.0920 352.8269 263.6944
5MRC 406 111 144 94.1610 14.2623 340.1162
3H84 375 874 238 101.3566 269.8126 315.5697
3D2F 777 115 61 64.1762 228.9576 49.5731
4V94_fixed 279 439 172 87.9326 51.7046 50.8115
1S3X 906 459 91 73.1764 247.7363 321.9304
1QVR 62 298 267 130.5297 66.7146 215.6108
5MRC 720 727 146 84.0676 331.0797 290.2806
3H84 800 647 331 13.1918 173.2953 170.0771
4CR2 888 67 113 127.9071 167.2103 135.1991
3GL1 21 524 323 156.1589 146.4205 232.3153
1QVR 659 537 260 45.9831 350.3722 252.3795
5MRC 766 334 280 56.2892 321.2952 337.4669
1BXN 321 121 287 72.5758 232.0840 311.2668
3D2F 743 644 56 102.8143 300.8543 224.3132
3D2F 101 724 265 75.1598 0.1104 6.0760
1BXN 375 166 285 147.3276 168.3284 113.3168
3GL1 24 762 165 120.1527 210.1822 286.7101
5MRC 331 78 246 170.0724 86.6061 257.2894
5MRC 428 58 247 46.0541 304.3430 201.9149
3CF3 867 966 325 153.7060 59.7281 241.0840
5MRC 220 836 131 149.2640 69.4779 196.9029
3CF3 81 703 146 56.0745 318.8252 205.0239
2CG9 465 499 324 88.5682 112.1801 94.3151
3H84 217 449 146 81.0709 172.1222 60.1315
4CR2 41 926 276 45.5748 222.0822 115.6950
1U6G 800 865 236 121.2542 107.1751 13.8249
1U6G 434 195 288 75.7545 182.2867 352.7248
1BXN 799 885 73 98.2668 300.3056 91.6315
3GL1 676 377 320 122.9704 81.6390 154.9968
3CF3 603 527 34 151.4740 302.2376 282.8531
1QVR 144 719 122 26.7861 334.5285 32.4321
3CF3 707 327 249 101.3289 179.8037 10.6462
4CR2 661 881 72 63.3751 297.0684 332.1693
3QM1 137 377 262 126.0541 41.4033 239.9327
1QVR 119 706 287 70.5097 97.7514 294.3545
2CG9 975 809 283 109.8864 330.9650 87.1633
3QM1 533 733 210 59.3783 71.5932 303.6943
1BXN 675 968 284 137.3164 321.2421 176.2985
3H84 374 629 190 58.4038 271.2886 51.9079
3H84 789 574 160 124.0952 4.6585 231.6373
3CF3 425 563 72 78.4281 67.0739 266.5936
1BXN 440 472 321 98.0506 101.9245 295.1049
3CF3 345 33 231 72.0928 222.2387 110.2592
1S3X 514 197 275 54.4635 138.1074 300.6708
4CR2 548 178 136 109.3114 260.7812 90.0497
1BXN 657 947 242 63.1208 46.5505 287.2500
3QM1 926 655 241 86.6182 220.9202 321.0264
2CG9 111 744 295 76.4155 0.9047 272.8764
1BXN 292 215 22 73.5786 97.6193 32.9785
3H84 373 910 149 46.1120 325.6507 71.1480
4CR2 958 451 120 97.1780 258.1065 95.7264
3CF3 576 672 289 156.6595 91.0207 323.0600
1BXN 799 806 41 104.8878 116.3404 27.3966
1QVR 746 684 107 158.7158 125.8955 351.4827
3QM1 671 92 164 114.0177 5.2613 174.1123
1S3X 374 783 133 57.7144 303.2027 190.5669
2CG9 393 868 264 53.6289 278.6685 254.0598
1QVR 55 677 256 59.9186 89.6053 23.8392
4CR2 930 38 39 55.7585 9.2860 181.2651
1QVR 247 738 152 77.9162 66.7052 215.0898
3H84 570 658 61 96.1023 262.7069 51.9436
3D2F 575 954 128 64.5644 110.1500 258.8090
2CG9 141 167 120 170.7898 96.6071 308.9124
3CF3 644 756 36 104.1973 273.4914 26.3338
4CR2 108 286 164 91.8971 44.0908 31.3175
5MRC 47 201 44 139.5832 25.0047 96.4344
3D2F 286 50 320 147.8101 68.4930 223.5558
5MRC 65 680 39 142.2363 266.2282 43.9704
3H84 43 151 83 101.8933 341.2585 59.6799
3CF3 715 289 152 157.2333 56.9014 331.5759
3QM1 25 147 21 122.1627 275.3671 259.9602
5MRC 721 591 142 75.2358 183.8183 108.5681
1BXN 975 396 125 18.3873 156.2119 145.6941
1BXN 956 101 250 60.9838 156.7489 310.7600
1U6G 887 35 153 49.3739 78.8986 61.1384
3H84 56 980 207 173.8691 27.4152 343.6095
1U6G 373 991 276 11.8156 348.0489 317.7581
3CF3 188 204 75 142.2132 241.9704 41.4329
1U6G 431 153 86 83.3814 113.9100 123.9298
3GL1 31 56 16 125.5083 38.6675 279.7098
5MRC 573 891 211 51.0798 229.9179 115.6141
4V94_fixed 848 956 87 64.9256 175.4744 217.6939
2CG9 837 334 139 81.8966 23.6977 189.6270
4CR2 787 978 87 98.4504 75.9891 198.0884
3QM1 418 1003 306 51.5833 207.2802 302.3662
1BXN 444 161 111 140.4802 267.1930 187.7294
4V94_fixed 647 867 302 127.4306 255.9147 116.8374
3D2F 845 458 320 22.7069 167.8495 175.7827
3QM1 431 396 143 89.9163 104.1415 209.6327
1QVR 871 647 281 73.4541 1.2306 141.3708
3GL1 159 863 71 79.6024 110.4535 271.1769
3D2F 994 561 31 133.5755 271.1216 257.8470
1QVR 77 257 126 61.6834 144.6196 152.0308
3CF3 403 781 136 71.9610 133.8732 186.2085
4CR2 808 178 58 44.4364 96.5354 4.8626
1QVR 854 77 240 131.1769 183.6314 38.5306
3H84 965 770 319 160.1838 290.7276 16.6211
3QM1 881 20 329 47.8918 63.6823 100.9343
1BXN 455 160 194 116.3230 125.8889 320.1154
3QM1 555 31 68 149.4784 135.7546 164.2567
1BXN 455 81 104 109.4958 83.8589 312.3983
1QVR 808 983 307 88.4029 358.7061 73.8197
5MRC 772 845 38 98.7227 19.2513 98.1802
4CR2 442 896 298 63.2097 343.5280 271.2832
1U6G 831 718 146 131.3535 143.4652 246.7944
3CF3 912 42 213 27.7646 166.3783 216.7307
3GL1 103 362 292 39.3727 207.0712 66.9432
2CG9 360 802 50 140.1242 39.4364 199.3907
3D2F 496 781 60 149.6972 277.6362 95.7452
5MRC 763 367 154 135.8856 308.1964 264.3517
1S3X 343 918 145 61.9720 168.5929 33.4249
2CG9 833 946 183 107.1085 68.9561 83.2133
3QM1 107 987 51 96.7004 140.1416 114.9476
3QM1 140 256 306 65.3649 329.4610 16.6939
1BXN 929 222 120 149.2589 83.8555 131.4698
1U6G 69 343 234 104.5840 190.8921 43.5524
1BXN 895 318 34 100.5790 25.7092 144.3286
1S3X 159 506 318 146.6380 314.5394 30.0436
5MRC 604 339 90 97.0298 27.7112 277.0965
3H84 424 276 326 128.1741 237.7238 104.9932
1S3X 121 472 302 34.8208 204.5627 330.0088
1U6G 986 506 329 93.6434 75.3820 100.1111
3D2F 573 840 323 106.6828 60.3426 115.1111
5MRC 590 782 272 42.9263 225.1081 19.1439
1U6G 847 786 311 49.1001 319.8701 66.9154
3QM1 707 542 35 45.4306 17.3111 255.3152
3GL1 89 844 116 79.5534 247.7096 138.8232
2CG9 937 780 243 68.3237 40.2154 227.5707
4CR2 110 351 236 129.7805 271.7632 229.5807
1S3X 956 185 136 60.9512 23.6591 149.7159
2CG9 613 799 336 141.8814 247.5895 108.8357
4V94_fixed 856 819 244 130.4123 105.9933 95.1962
3GL1 999 273 75 99.2753 199.7328 64.5844
1QVR 236 606 48 70.3060 76.8333 21.6810
3QM1 341 605 169 87.1973 117.4530 31.5431
3H84 693 619 224 7.3399 280.2949 302.6977
3H84 369 105 190 131.3577 327.2582 348.3816
3GL1 798 181 224 65.8307 48.1319 124.0850
4V94_fixed 711 737 214 130.4178 188.9380 123.9691
1BXN 964 683 171 60.8941 172.3169 275.5767
3CF3 865 818 138 116.5641 332.5288 314.7134
4CR2 541 673 315 97.5291 137.5268 285.4646
1QVR 516 44 312 162.5326 332.4534 186.1707
3QM1 100 611 37 27.8494 58.1775 226.4962
4CR2 487 237 129 64.0582 295.3934 359.5877
1QVR 821 749 103 73.6457 162.7212 341.5381
4CR2 866 806 96 163.7449 44.8506 67.4123
4V94_fixed 920 997 216 122.9643 326.8635 150.7755
5MRC 980 296 246 55.9021 291.5962 223.5714
3QM1 697 778 219 123.2394 158.5035 242.2600
4CR2 90 570 110 46.4427 178.8915 129.5634
4CR2 667 706 127 92.8250 9.1010 151.1829
1QVR 239 793 193 130.2154 311.6152 132.8665
3H84 623 406 278 84.4251 205.0441 48.3457
1U6G 326 957 201 22.7889 34.5763 170.1986
2CG9 143 474 330 110.9450 333.0427 96.0227
3GL1 578 671 119 84.2300 110.4752 59.8598
4V94_fixed 297 92 177 13.6530 131.3193 258.9142
3H84 311 559 159 135.0368 44.8224 3.0525
3GL1 731 21 40 61.0773 13.1245 297.7070
1S3X 718 250 251 14.7520 339.0405 5.6960
5MRC 974 202 70 128.9206 126.4288 48.3396
1U6G 780 941 319 34.4649 18.8866 103.2874
3H84 938 354 167 135.2674 117.3353 31.5655
2CG9 568 946 174 68.1155 345.0838 327.7784
1QVR 690 558 302 90.4130 252.6414 232.9055
5MRC 238 787 70 176.2374 16.7205 251.9074
4CR2 723 143 300 75.5808 123.2051 115.5331
1U6G 377 397 36 119.1267 46.3404 0.4669
4CR2 486 188 259 21.3023 226.7004 232.2981
3CF3 530 650 200 62.6087 285.4975 330.8198
1S3X 605 16 259 89.8586 198.7712 203.9843
1U6G 868 852 209 13.2418 14.7482 43.6044
3GL1 359 312 119 142.9021 192.4334 59.1392
3D2F 812 101 266 14.2299 85.0484 131.2064
2CG9 749 897 131 75.2888 311.5033 32.4398
4V94_fixed 48 186 255 137.6895 239.5121 212.3736
2CG9 148 676 90 120.6553 318.9003 28.3405
3H84 605 430 152 20.3522 343.3054 19.7747
1QVR 858 621 326 104.2357 319.9312 329.7790
3QM1 991 356 137 82.1015 70.7733 95.1613
1QVR 695 682 269 59.4561 172.7069 219.7366
1BXN 725 341 123 55.6739 220.5768 240.7387
4V94_fixed 465 457 201 120.9149 102.7136 153.9657
3QM1 606 287 46 139.6609 60.4635 320.3913
1S3X 270 116 273 129.2308 109.8818 24.2302
1QVR 803 255 301 94.3153 100.2080 21.0211
4CR2 243 272 76 98.7587 176.8986 69.1480
4V94_fixed 626 680 208 139.4834 198.7711 35.5892
4V94_fixed 510 292 249 70.7197 146.6754 189.1965
3H84 959 554 240 27.6994 285.2342 168.6303
4CR2 671 623 322 108.4579 37.4943 182.9185
5MRC 396 900 65 104.0491 50.0602 208.6645
1S3X 402 95 85 67.4535 302.1922 2.4899
3D2F 203 730 276 53.9250 1.6527 209.5850
1BXN 762 545 119 139.2766 195.4977 248.5891
1U6G 861 306 85 96.5311 228.2820 218.9428
2CG9 927 936 51 137.9927 138.0134 265.9639
4V94_fixed 60 821 211 94.3422 184.9749 176.1131
5MRC 760 835 189 60.3995 326.2771 202.3221
3CF3 905 477 121 106.0125 255.1757 225.2340
1S3X 71 215 103 48.3011 18.9671 220.1553
1QVR 651 517 118 104.8909 136.6757 259.0546
2CG9 84 874 305 155.5354 175.9600 69.6621
2CG9 248 706 324 84.7785 62.2381 323.8044
3GL1 796 130 95 73.8056 139.9217 11.3286
1S3X 471 320 292 59.3572 169.4481 220.2623
1BXN 142 882 174 84.4852 235.5191 79.9505
4V94_fixed 701 582 196 78.7728 1.2286 115.0491
1QVR 363 511 288 105.0582 6.3347 285.6809
2CG9 612 739 148 154.3370 207.9447 335.3656
4V94_fixed 246 875 196 88.9691 356.9228 293.2614
1S3X 425 224 108 73.0540 178.7879 105.2217
3D2F 155 640 82 73.1404 19.2092 19.8313
3CF3 487 132 23 100.5404 72.2593 120.2138
3QM1 500 821 30 87.3043 53.7282 341.9166
1S3X 436 493 189 104.0595 126.7883 67.9499
3CF3 435 693 314 36.2037 69.8682 329.2522
1BXN 809 62 101 107.9923 118.7485 265.1816
1S3X 96 375 322 113.3630 123.2377 308.4346
1S3X 930 722 30 31.2877 78.6801 97.3012
1BXN 853 139 126 131.4833 178.9262 152.2642
1S3X 111 182 305 77.2415 93.8066 266.5873
4CR2 355 681 188 145.1589 121.3404 89.5793
2CG9 242 170 296 32.6221 2.3735 209.1712
3D2F 30 136 175 55.7042 101.5086 11.1427
1QVR 214 742 61 129.9573 207.2685 165.5585
1U6G 811 139 211 117.5583 302.5026 272.5236
5MRC 973 312 307 73.6904 233.2695 88.4546
1U6G 167 698 294 84.0058 70.0360 284.3951
3H84 766 595 221 126.9180 343.5934 309.0083
1BXN 330 433 258 98.2958 161.2986 174.8223
3D2F 662 372 65 48.4423 342.2231 131.1351
4CR2 170 790 266 162.7371 165.8289 328.6831
4V94_fixed 945 470 251 121.9316 245.9800 212.7719
1S3X 731 881 289 38.4585 329.7587 344.0539
1U6G 935 809 294 22.4076 134.1485 227.1013
3GL1 465 756 143 64.4560 270.8357 315.8124
3CF3 926 885 89 94.6534 225.0690 306.6093
1S3X 282 788 142 19.5061 189.8963 318.8805
1QVR 576 355 225 100.5046 206.5247 265.4248
3CF3 573 357 256 169.2829 138.5398 324.4014
1U6G 98 50 178 79.8754 343.4558 354.3783
1QVR 573 881 262 62.0027 8.8852 272.3983
3GL1 953 1002 222 72.4110 86.2009 73.1444
3QM1 331 300 331 118.7452 276.1506 25.1873
3CF3 952 409 240 90.0793 266.3192 304.4790
4V94_fixed 31 385 194 76.6297 125.8451 197.5507
3CF3 741 94 157 92.4773 238.3674 164.9490
3H84 542 754 148 66.7835 281.4594 26.6809
1BXN 598 211 280 58.0323 265.9746 247.3912
1U6G 340 592 223 56.4813 250.1022 319.2945
1QVR 825 102 74 91.6865 260.1975 187.5455
2CG9 507 171 330 112.8600 157.3028 220.0205
2CG9 504 274 209 55.9181 182.2674 83.4954
3H84 804 763 330 30.4547 203.2175 76.1863
4V94_fixed 804 900 24 128.7893 235.6728 82.5593
4V94_fixed 150 92 244 31.2459 94.2165 212.2037
4V94_fixed 106 102 51 106.3765 346.4779 241.0573
3GL1 26 581 208 67.4965 92.3663 89.2153
3D2F 715 151 104 140.8362 50.2085 53.7293
5MRC 866 928 146 139.0143 166.1648 141.5465
1BXN 205 647 230 155.2960 89.9131 11.9973
1S3X 366 536 318 159.4912 328.1225 20.8586
3QM1 918 541 95 65.3042 313.6513 147.3540
1BXN 937 242 69 117.1865 137.1975 33.7063
5MRC 948 106 170 92.4855 304.6896 197.3950
1S3X 829 900 172 31.9064 296.0478 159.4728
3H84 84 634 200 70.8896 317.3934 109.6772
2CG9 828 920 303 55.9116 354.6469 189.7222
1QVR 268 535 208 103.0684 111.3400 150.0662
4V94_fixed 853 387 118 5.0236 99.7943 334.7509
5MRC 107 782 184 156.8746 358.4744 20.5050
1QVR 728 569 70 84.7866 105.5181 44.5702
3D2F 364 848 184 97.4532 66.9115 198.1527
5MRC 93 240 283 148.4391 24.4738 53.7889
1BXN 476 318 239 139.4731 45.1898 227.9588
4V94_fixed 893 943 300 151.4807 85.2189 222.5924
3H84 45 99 311 86.3900 160.1152 151.1128
3GL1 894 1001 321 117.8527 287.9763 144.3576
3GL1 796 218 123 129.3954 333.3713 295.2536
4V94_fixed 456 266 274 160.0772 304.7167 300.5537
4V94_fixed 114 895 94 116.9944 287.8266 277.5326
3QM1 642 882 46 114.5288 196.6131 283.3487
3H84 292 188 296 74.3298 98.5624 83.0702
3CF3 511 461 235 123.9175 94.3252 235.8613
1S3X 238 189 194 158.6179 346.0834 303.8679
1U6G 311 591 262 136.1474 349.7373 336.1387
5MRC 686 866 181 96.4595 292.5979 248.5650
1BXN 134 318 153 100.4977 92.6800 47.7747
3QM1 810 996 114 66.4067 135.3386 289.1970
1QVR 120 836 168 158.0330 250.0275 154.2985
1QVR 201 850 77 63.1680 253.4463 19.5056
1S3X 899 482 72 73.9197 72.5490 211.1336
1QVR 383 171 114 74.1631 33.8885 197.8985
3CF3 546 695 243 70.1665 286.8944 28.5493
5MRC 673 228 145 64.7985 349.3028 253.2628
4CR2 338 544 186 90.7610 139.1604 358.8126
1QVR 924 245 168 62.1633 243.7001 347.1193
3QM1 898 953 18 50.2968 225.9089 210.6390
3CF3 101 815 319 108.3845 165.8458 320.1793
3H84 236 219 147 55.1989 32.4481 33.6901
4V94_fixed 566 393 202 81.3840 26.3201 163.1000
4CR2 903 749 97 72.5528 336.5118 125.7855
3GL1 264 443 313 141.3568 264.9699 117.0214
3QM1 629 831 110 57.1580 78.2312 282.6441
3D2F 149 657 235 81.2543 62.0384 342.5809
3GL1 782 182 29 129.8855 231.4236 241.0636
3D2F 637 920 290 43.9546 124.4586 299.8009
1QVR 370 210 280 52.1893 207.6871 264.5771
5MRC 524 584 176 133.7833 153.9125 24.5828
1U6G 352 767 201 156.6212 41.2088 107.3871
1U6G 58 900 306 91.5280 18.2084 259.0596
3GL1 449 997 152 75.3012 96.3065 288.0186
3QM1 223 655 88 94.4101 269.7563 178.2278
3H84 632 302 312 41.8856 94.5924 261.1722
4V94_fixed 458 207 166 73.1535 94.0745 227.5781
1S3X 117 570 173 52.8489 257.6761 240.1446
1QVR 492 970 78 46.6151 309.8265 203.8854
5MRC 294 143 74 80.6482 14.7436 55.8273
1BXN 805 321 311 77.5942 184.0017 234.2472
1QVR 381 160 28 114.8873 216.8604 257.5566
1S3X 943 723 328 81.0025 45.7972 58.3740
3D2F 875 868 269 34.2794 144.2334 211.3875
3CF3 810 379 300 66.8946 173.5985 180.4164
3D2F 405 770 188 129.6721 358.6974 151.0437
3GL1 276 618 257 54.4659 103.6219 180.3394
3QM1 592 890 131 123.6012 241.1512 285.7671
3QM1 243 434 255 42.1900 105.7959 18.4509
5MRC 871 643 54 114.5790 355.3253 350.8330
3H84 932 504 96 50.2015 298.8663 255.4484
3H84 149 95 55 56.6506 170.3714 37.7325
4CR2 120 121 96 54.7614 141.6022 113.0806
3H84 31 313 114 69.7318 200.1552 49.5407
5MRC 669 280 254 146.2315 332.4972 6.7284
3GL1 376 159 257 153.7036 256.1753 143.2808
4V94_fixed 174 546 45 143.4104 189.8917 40.2831
2CG9 745 291 44 44.8389 84.5056 96.0275
2CG9 110 745 328 79.0688 23.6553 80.3005
1U6G 946 905 192 91.2795 185.1816 14.8712
3QM1 380 182 60 119.8583 14.4833 119.4754
5MRC 782 75 199 159.4857 124.1428 26.6357
4V94_fixed 626 65 310 130.8108 299.2681 315.4117
3CF3 764 408 35 118.4705 194.3035 309.8273
1U6G 440 199 110 69.8222 199.4044 99.0255
5MRC 39 805 290 145.9583 49.2204 0.0358
1U6G 317 503 260 132.8085 332.4404 275.6079
3QM1 61 365 220 115.0952 41.4834 257.2476
2CG9 429 954 220 93.9439 214.3512 35.0115
3D2F 168 673 219 60.5033 100.7424 48.1432
4V94_fixed 35 701 283 107.4667 73.4244 194.2302
1QVR 222 343 312 55.6328 82.7837 130.2255
3H84 183 25 336 86.9766 329.3519 206.9911
1S3X 675 496 93 129.2898 350.0048 68.1887
5MRC 389 450 302 43.1678 41.5743 240.9271
3CF3 599 590 200 78.3649 31.5019 53.9266
4CR2 973 147 71 89.0740 326.8202 322.3701
1BXN 981 960 60 40.4499 187.0055 60.3852
3CF3 690 417 75 23.6546 168.1979 242.9342
3D2F 260 116 305 170.9054 75.6794 162.6498
1S3X 914 702 243 75.5722 142.5146 23.4503
3GL1 962 672 239 130.5778 85.5888 218.4390
1S3X 491 24 134 113.4500 232.2045 250.8290
5MRC 713 776 70 114.8909 102.6459 62.8328
4CR2 701 858 72 76.9771 205.5251 206.1633
1QVR 915 708 305 131.2782 94.4060 308.9408
5MRC 361 905 206 65.3784 100.9729 17.3494
4CR2 721 208 252 132.1714 233.9762 54.4411
1U6G 855 723 140 43.6066 127.1680 176.7472
4V94_fixed 609 689 128 48.8497 234.7958 88.5380
3GL1 422 525 216 168.4566 71.0358 311.3227
4V94_fixed 857 433 229 143.2162 55.8483 228.0427
4V94_fixed 858 867 87 109.4351 303.3647 34.3628
1S3X 355 81 172 67.6961 302.3278 258.8407
4V94_fixed 718 394 291 46.6292 15.0309 271.7167
1QVR 68 247 229 53.2342 247.2563 120.7772
1BXN 514 798 240 34.7140 187.9890 246.9725
1QVR 127 995 158 142.6319 13.3094 336.4690
2CG9 376 760 101 131.5107 24.5079 267.0937
3CF3 815 25 120 73.8773 177.7902 186.5133
1S3X 684 220 286 85.3758 335.3045 328.4233
3D2F 300 784 334 162.1031 132.3369 270.9382
4V94_fixed 536 763 35 37.9667 69.7749 11.0889
2CG9 649 930 24 63.3218 240.1519 344.5767
3D2F 180 790 82 132.9030 352.9640 295.3278
3GL1 642 800 31 74.7079 355.1950 253.6857
3D2F 66 209 205 33.7217 11.5193 7.9454
3QM1 249 499 172 48.7325 78.7203 112.5449
1S3X 528 576 223 132.9801 142.3172 288.9738
1S3X 594 821 191 84.0612 149.3536 9.7074
3H84 431 255 187 95.1025 196.1737 86.7388
1BXN 974 34 109 89.2979 32.6548 292.0169
3QM1 147 399 91 115.8407 181.6526 214.9725
1QVR 554 757 232 101.1777 266.2089 143.3427
2CG9 362 856 50 106.9773 210.6660 173.9573
3H84 730 918 44 69.1955 78.9735 210.9941
5MRC 154 399 233 56.8066 126.7911 321.8901
1S3X 762 928 40 40.4031 99.3196 156.1350
2CG9 22 55 312 74.3996 349.7133 328.7211
2CG9 262 283 263 113.9259 103.1579 151.1964
3H84 788 214 217 140.9374 33.4879 55.9549
2CG9 835 185 96 95.2210 73.0247 115.7513
3CF3 65 754 240 164.8834 184.2603 155.8867
3CF3 720 994 315 66.1072 216.7520 273.8869
3D2F 717 800 173 67.9398 263.6457 303.9333
3GL1 101 602 193 63.7738 19.3858 292.2699
4V94_fixed 579 726 89 43.6196 265.9768 212.8274
3QM1 81 229 187 45.8422 7.8522 300.6374
1U6G 109 552 21 104.7160 323.8432 48.1117
4V94_fixed 541 677 27 62.0589 120.8396 322.9922
4V94_fixed 899 399 67 118.1393 28.6156 297.7529
3QM1 198 30 209 119.7199 231.3048 262.5087
1QVR 164 113 94 104.4211 338.6672 57.4837
3CF3 343 261 146 169.0473 207.3107 64.6531
3QM1 598 215 256 44.4659 187.0944 15.0105
5MRC 810 642 227 106.1891 291.2221 264.4633
1S3X 304 266 306 100.7127 229.5630 41.4541
5MRC 972 130 128 171.7095 98.7132 203.6488
4CR2 137 859 100 161.0379 130.3448 315.1135
4V94_fixed 395 996 107 132.5037 135.3593 30.7442
3D2F 418 486 213 135.6683 51.5149 313.7722
2CG9 1001 483 129 133.4173 143.5463 328.3678
3QM1 618 818 85 68.2387 166.1003 103.0977
1QVR 894 742 325 67.1977 90.7718 186.7877
3CF3 154 968 173 72.0915 295.2602 144.5420
1QVR 870 334 331 92.0211 163.0105 252.5371
4V94_fixed 401 444 72 73.0730 8.9965 358.6632
3GL1 706 861 252 93.8722 345.3369 156.8674
3QM1 573 101 284 126.5769 153.0536 232.2136
1QVR 661 103 65 96.7395 276.8409 116.6459
4V94_fixed 397 273 260 38.6120 170.6728 73.5704
2CG9 194 699 271 130.2329 317.2763 83.5167
1BXN 749 47 153 40.4740 353.0482 324.4035
2CG9 710 945 105 100.9903 112.4935 353.1342
1U6G 577 166 178 59.0209 336.9537 284.5309
3D2F 130 451 325 170.0949 265.6458 162.6363
1QVR 875 260 332 137.7141 164.7618 90.1960
5MRC 216 593 118 46.9324 166.6428 22.5806
5MRC 667 767 196 10.5773 323.6736 37.8478
1U6G 817 201 114 84.3708 299.4404 340.6325
1QVR 324 424 146 97.1519 89.9023 312.5624
4V94_fixed 298 999 91 39.9451 48.9645 233.2487
2CG9 831 732 285 142.2957 10.0989 95.5694
1QVR 890 991 68 122.9215 222.8329 107.8445
1QVR 145 762 93 168.1878 71.7185 300.7261
3D2F 217 472 152 53.0259 26.0239 315.3426
3CF3 554 557 103 107.1673 83.0407 89.1547
1S3X 747 973 217 27.4658 60.1069 257.6554
1U6G 103 320 321 58.3269 246.3019 267.6187
1BXN 875 922 41 155.0291 230.8934 348.7757
3QM1 139 908 238 57.4019 50.4239 198.0166
5MRC 912 429 308 169.6800 97.7977 175.0131
3H84 505 30 74 37.1424 146.5766 251.3715
3CF3 566 34 177 33.7672 307.2429 213.8963
1BXN 261 538 299 145.5859 316.5605 260.2873
1QVR 850 292 292 37.9499 7.1647 74.5865
4CR2 619 55 244 108.5600 56.7838 328.7998
3CF3 734 877 240 84.6514 200.0969 73.0812
1U6G 671 279 174 34.4252 275.2882 122.1566
5MRC 51 587 156 144.5346 41.8144 157.6452
1U6G 559 626 158 113.6390 7.9102 290.7281
3D2F 203 456 238 78.8493 94.4721 94.0499
3GL1 371 103 222 21.1738 20.3349 282.3446
2CG9 819 154 119 138.8947 271.9114 86.2761
3GL1 950 729 83 98.1969 286.1934 147.6563
2CG9 154 52 259 101.9789 306.0851 14.1067
1BXN 427 71 325 43.6513 334.6812 256.0640
3GL1 35 56 340 10.1744 137.3737 354.3217
3QM1 344 893 129 78.0332 299.9664 358.5696
1S3X 424 835 291 38.6992 243.5750 51.2547
1S3X 720 942 84 75.0822 112.9378 37.6711
1QVR 924 662 175 104.9657 34.8295 177.6069
4V94_fixed 439 476 264 39.6827 328.1362 335.2604
3H84 425 78 172 63.1082 214.1236 329.9172
2CG9 823 709 182 63.3822 93.3734 210.6569
3CF3 372 652 160 159.8996 247.1771 269.6999
4CR2 963 467 296 126.3481 259.8512 2.6180
1U6G 697 569 264 75.2685 140.3540 355.3193
3QM1 752 915 238 82.1144 109.6526 191.8420
3H84 935 419 26 98.7546 58.5906 116.2165
3H84 597 586 275 126.2873 175.2704 31.8899
1BXN 30 643 164 112.2500 159.2323 156.1912
3QM1 986 430 119 112.6380 103.3657 217.4410
3CF3 808 746 70 145.1404 101.6490 187.7352
1BXN 470 77 292 110.1049 243.5838 176.2796
4CR2 75 447 187 118.5230 152.7167 354.0063
1BXN 444 563 239 18.7527 277.2721 329.9772
3H84 99 945 203 84.2298 81.6975 64.4254
1QVR 759 630 301 156.2157 62.7767 259.0423
3CF3 882 784 138 99.1344 143.3818 355.1658
3GL1 358 942 42 56.7446 47.5332 318.0548
4CR2 482 984 176 73.1277 204.1703 259.1477
4CR2 113 679 259 106.4289 129.4695 141.0440
3H84 270 249 264 110.4753 272.6982 132.1469
1S3X 52 160 216 124.7550 326.8880 335.0806
1S3X 98 184 282 69.6267 229.6416 251.4961
3CF3 203 376 167 159.9426 173.4912 172.5315
3H84 727 808 326 93.1694 138.7465 198.7286
2CG9 800 605 40 6.6325 352.4426 181.1964
5MRC 739 289 201 82.5839 236.7705 213.0898
4V94_fixed 149 68 110 104.0132 234.0228 239.9024
1U6G 879 968 220 38.4773 197.5817 61.0287
3GL1 75 826 279 126.6847 291.6456 294.5884
4V94_fixed 649 379 143 101.2183 230.3558 26.4506
3QM1 285 438 340 72.9970 209.9397 273.6309
3D2F 226 213 198 87.1521 198.3142 184.4679
1QVR 941 490 216 44.3942 79.4748 194.0786
5MRC 465 103 142 88.5146 200.6283 72.9981
3GL1 380 519 131 111.6521 108.7920 216.0257
3CF3 743 938 335 134.6581 346.7780 321.0640
1U6G 731 246 334 73.2979 219.6076 52.1419
1U6G 679 182 215 21.2296 263.8472 221.3773
3D2F 583 926 241 114.9259 131.2104 195.9450
4CR2 199 106 159 136.4764 111.1056 150.4439
5MRC 591 760 119 49.2431 82.9181 123.5776
3QM1 686 520 45 28.5567 13.4430 215.8729
3GL1 653 328 137 119.6360 204.1244 268.9156
3GL1 862 376 324 11.5140 151.9927 265.9134
1QVR 849 248 252 133.4656 125.2356 209.7809
3GL1 803 246 58 85.6202 298.0480 177.0062
3D2F 261 69 232 74.5870 30.2533 121.1173
1BXN 173 56 43 49.7772 279.9725 179.9872
2CG9 885 188 223 76.2941 250.3739 268.1774
1QVR 776 65 65 50.8103 235.1449 165.2780
1U6G 511 768 81 21.8391 328.2296 162.3990
1BXN 49 246 58 40.5032 55.2737 94.8700
3QM1 147 199 163 130.4536 233.7297 100.2245
4CR2 71 350 182 139.7893 288.5113 179.1579
1QVR 865 112 332 97.7278 180.5490 39.2369
1U6G 736 60 243 76.8448 331.7431 111.0535
5MRC 921 944 234 158.8421 166.0447 168.4059
1S3X 745 758 279 11.6555 101.9778 101.9598
2CG9 287 976 293 126.7344 132.5555 310.0374
3QM1 395 148 115 79.8531 83.1674 272.3315
1QVR 390 267 201 105.6586 17.3336 8.5614
3GL1 546 341 112 125.1236 237.4510 220.8329
1QVR 865 986 259 143.3071 167.8958 238.6525
1S3X 497 676 242 48.2027 337.2769 292.0059
1QVR 384 908 325 62.8920 205.2667 268.0102
3GL1 568 235 291 93.8500 324.7755 229.4043
1U6G 48 570 331 54.3304 104.2221 7.6779
3GL1 661 243 85 147.1030 234.3450 321.4667
5MRC 312 661 266 125.9978 158.5316 183.0662
1S3X 755 530 61 146.8299 220.7344 3.8716
1QVR 714 336 53 120.7129 96.1958 28.3618
1S3X 602 111 156 94.7558 343.0823 37.5071
5MRC 332 201 79 72.8620 251.2459 282.2648
2CG9 867 810 209 115.6302 195.2300 129.1932
5MRC 143 130 173 122.8281 318.8613 245.9015
1QVR 828 828 144 154.3170 117.6480 53.9834
3CF3 749 186 175 140.5221 180.1441 144.2420
3GL1 932 500 318 144.9538 97.8870 158.4249
4V94_fixed 201 136 36 108.6036 7.9451 290.0541
4CR2 398 525 165 132.4873 174.1470 320.5039
3H84 478 424 40 28.6078 102.3589 65.8452
2CG9 598 588 126 85.1742 190.0440 23.3362
3QM1 339 998 56 106.0735 248.2514 274.8078
3GL1 738 147 79 74.3580 348.5594 77.2763
1U6G 971 581 308 107.4098 66.3356 248.2438
1QVR 171 705 88 107.0450 177.3069 182.4673
3CF3 597 533 266 39.2936 94.4036 242.5274
3H84 828 431 30 171.0149 296.1433 356.0164
5MRC 752 385 85 100.9150 62.3887 235.0263
3CF3 155 413 49 150.6443 60.5921 277.8115
1U6G 975 935 212 75.8973 77.3358 200.1973
3GL1 165 874 299 124.8985 355.4025 335.0889
2CG9 933 445 45 132.3202 279.9706 36.4679
3QM1 15 705 101 111.2377 319.5342 302.0573
4V94_fixed 93 871 186 105.5697 4.8552 34.4043
4V94_fixed 368 94 285 131.8715 153.4510 315.5357
2CG9 260 200 191 107.4978 64.9909 26.9039
1S3X 552 563 51 32.5999 179.4763 37.2046
1U6G 572 715 330 46.7064 355.6828 45.5367
2CG9 292 165 113 109.5782 233.4948 222.4521
3H84 285 974 51 59.3887 305.8096 164.5635
5MRC 899 958 110 65.1662 64.0396 326.4873
3CF3 729 32 232 45.9527 110.8680 332.9011
5MRC 900 272 74 135.8770 328.0466 284.8800
1S3X 764 872 288 29.6868 278.4655 248.2412
1U6G 48 487 282 71.5003 43.7749 134.3200
3CF3 189 839 238 115.5989 346.3694 151.9261
1U6G 801 29 216 154.8840 212.8285 18.4397
3CF3 965 991 28 121.8831 142.4736 16.3283
2CG9 423 304 177 34.7517 354.9331 115.0572
4CR2 841 395 168 123.8827 82.1504 162.4814
1BXN 717 808 291 40.5341 246.4179 153.8749
1BXN 363 313 94 92.8514 302.2915 86.3179
3QM1 435 20 24 163.5067 275.1340 59.1625
3GL1 495 18 52 119.4207 303.7371 20.3585
5MRC 756 177 295 88.9097 12.7656 130.9962
5MRC 58 566 53 161.8469 49.0349 212.4945
1U6G 276 268 220 19.4518 335.7252 144.9714
3CF3 634 388 55 34.8303 198.0634 91.3330
2CG9 596 871 164 123.0671 59.4457 323.0582
1S3X 559 824 325 48.0668 343.2846 309.6729
3H84 952 528 269 133.3019 184.6007 297.9473
3H84 331 88 134 107.6408 45.7566 4.6034
3CF3 725 511 197 50.3608 248.4240 158.1560
3QM1 843 25 238 155.8062 231.6134 134.9042
4CR2 967 164 224 85.2495 200.7887 237.2676
4CR2 605 727 262 159.7072 302.6783 45.6995
4CR2 965 770 177 92.7495 28.9781 16.3471
3D2F 759 963 165 93.4763 203.3636 258.0222
4V94_fixed 424 781 291 120.8358 175.5455 63.1665
1U6G 725 431 98 129.7543 191.3658 91.0223
3GL1 151 591 160 40.2104 248.9328 300.7877
3H84 577 624 26 78.9282 241.1249 74.0151
1U6G 719 669 302 76.9220 100.0208 163.3398
3D2F 773 687 312 48.0160 172.6481 42.7436
3GL1 25 554 214 83.7358 117.7939 291.7471
5MRC 664 527 175 27.8781 213.5656 234.2950
3QM1 740 610 41 157.2520 227.5144 261.5538
5MRC 326 548 95 85.2413 292.0232 153.5273
1U6G 968 38 71 78.7019 51.8082 117.7221
1BXN 605 904 48 67.9109 337.4059 76.0504
1U6G 582 600 299 116.0258 283.3534 149.6533
3GL1 359 891 331 88.4822 65.1778 73.0396
1QVR 374 417 247 82.4359 314.6668 102.4287
3QM1 161 835 212 46.6193 14.3370 260.1942
1BXN 352 609 84 94.2117 197.4717 27.9624
3D2F 893 771 309 166.0935 98.5149 296.5689
3QM1 873 492 261 66.7697 274.6429 167.2348
1U6G 458 448 157 124.5201 334.3359 262.2958
3D2F 184 675 262 99.4588 135.0648 213.5943
1QVR 914 468 297 64.7761 110.3964 281.5164
3GL1 700 216 338 109.0351 91.8168 277.9056
4V94_fixed 92 972 157 18.4639 274.2881 0.8433
1QVR 267 754 179 117.9129 75.7621 205.1275
1QVR 832 203 227 82.5903 173.9592 57.3267
3CF3 976 24 283 128.9625 79.5718 334.0226
5MRC 204 689 51 153.6579 212.4082 317.0542
1S3X 57 336 335 38.6189 272.4688 34.9284
3D2F 758 359 52 81.7996 105.5829 216.4618
2CG9 750 541 188 7.5200 306.2738 50.7223
1QVR 201 907 185 100.9893 160.6029 315.9719
1QVR 963 392 66 11.3343 268.4919 124.7283
2CG9 504 442 297 39.2225 245.8902 351.6277
1BXN 662 954 199 138.9554 131.8311 5.3986
1S3X 732 396 166 98.3985 300.9993 240.3111
3D2F 526 750 112 122.6086 119.9203 116.6663
3H84 289 563 309 51.5648 80.7826 346.5277
3GL1 468 191 133 62.0509 54.5363 293.5223
1U6G 648 325 219 70.5992 25.5209 351.6481
3GL1 102 818 101 12.9793 250.6876 165.8967
3QM1 238 139 281 128.4163 242.6759 235.6516
3D2F 57 260 276 24.4906 215.3358 130.9649
3GL1 588 230 236 106.8293 254.9061 26.3955
1S3X 284 818 334 93.9591 308.3065 4.0487
3CF3 630 207 50 56.6330 260.5818 83.3637
2CG9 641 868 237 161.1980 206.4189 359.8344
1S3X 299 80 149 44.9401 26.7339 49.0674
5MRC 900 178 265 109.0578 19.6545 199.7972
1BXN 138 739 244 102.7411 217.6869 207.8187
2CG9 413 407 129 27.7024 285.8692 132.6966
3GL1 685 518 122 101.4641 46.7123 353.1003
3H84 253 425 170 149.2906 71.7574 134.7538
2CG9 718 544 295 118.1990 307.3151 52.2490
3GL1 100 237 131 80.1330 163.2520 331.5165
3D2F 620 188 326 88.6293 109.4051 128.2901
3D2F 561 443 145 39.4971 7.2234 156.6145
3GL1 38 395 244 75.1312 32.5107 269.6727
4CR2 483 664 141 65.6517 325.5019 260.5056
4V94_fixed 121 945 50 63.3254 221.5312 13.8462
1U6G 71 903 130 79.8999 5.0385 227.8836
3D2F 171 335 309 28.1212 122.0441 191.6060
5MRC 322 242 225 126.7864 17.3328 141.2579
1S3X 818 888 259 140.0020 129.7202 309.4030
5MRC 804 367 64 59.2167 106.8645 258.6311
3D2F 777 701 325 100.0557 147.3253 52.3870
1BXN 661 83 109 65.1511 77.2392 63.8567
5MRC 680 807 313 125.2889 115.4098 306.5131
1QVR 96 708 231 91.4128 122.8148 58.4342
3GL1 205 910 111 110.5135 141.0656 160.1075
3QM1 275 842 323 107.5578 305.8667 161.5449
4CR2 538 190 299 132.2825 228.2072 13.4216
3GL1 965 527 168 70.6816 184.1188 97.0743
3CF3 725 237 168 41.8008 221.5298 271.4493
3CF3 743 552 275 144.0344 259.2900 16.0260
3QM1 835 510 334 56.6083 131.0008 90.4216
1U6G 383 740 74 28.4148 172.9373 78.6879
4CR2 806 713 236 127.4608 180.7271 77.8682
5MRC 743 720 267 65.2067 290.1035 22.5230
1BXN 699 310 31 84.4784 258.3732 59.7513
4V94_fixed 115 938 267 100.4485 139.7382 233.9467
2CG9 523 36 103 76.5064 170.7545 172.9651
4V94_fixed 929 117 303 154.7230 171.0820 125.2267
1U6G 241 29 225 168.6664 109.6118 198.4006
1BXN 203 57 19 118.3045 172.5527 39.2179
3CF3 188 42 158 109.7319 322.0911 2.6641
1BXN 764 230 114 65.0031 51.3007 216.6238
5MRC 174 165 73 123.4552 83.6810 82.4553
3CF3 438 107 110 138.4475 4.4531 170.1286
3H84 307 260 145 103.8097 126.6598 214.4052
3D2F 894 701 280 17.0750 276.3240 34.4386
1U6G 891 132 233 53.2083 107.6864 2.6828
1S3X 617 303 257 99.9314 49.0915 297.9719
3H84 90 286 297 52.8194 207.8468 87.3889
1BXN 275 420 51 116.3010 170.8411 24.7683
4V94_fixed 452 458 83 73.8801 172.7859 310.7808
5MRC 154 612 38 69.7272 285.6207 188.9097
1U6G 874 761 226 64.9586 260.0282 88.4009
4V94_fixed 562 49 220 9.3256 53.1531 162.2128
1U6G 458 929 214 49.8750 157.2271 70.2677
1S3X 76 525 153 175.2720 191.7367 345.5782
3CF3 363 533 71 24.8535 14.5083 344.2975
3GL1 427 111 21 126.2519 83.0700 195.4865
1U6G 350 174 57 11.8847 38.5598 140.9154
3CF3 878 779 170 38.3072 195.1464 348.3585
1S3X 764 345 77 162.4310 356.1670 284.4597
1S3X 157 669 116 89.7646 116.2614 259.0360
2CG9 697 77 77 66.7135 227.7038 39.9446
3GL1 798 313 207 60.2591 156.8395 114.9367
1U6G 892 430 28 113.4202 89.1775 216.4608
3QM1 846 766 246 106.0295 289.2488 304.8906
4V94_fixed 955 160 25 127.5524 284.7855 159.5817
2CG9 774 727 138 124.6052 289.6387 262.4234
3CF3 351 869 119 109.3232 277.1834 288.7337
4CR2 775 184 141 82.9148 66.2039 240.6406
3H84 774 720 181 141.8667 139.0096 256.4916
3D2F 703 366 301 130.1635 17.6397 95.6273
3H84 197 580 77 81.6336 85.3319 103.8765
1BXN 963 79 27 94.4027 257.6377 217.5687
2CG9 825 885 131 80.4323 241.6728 83.6595
3H84 887 882 24 123.4533 297.8246 152.6513
3CF3 106 405 74 133.5965 18.2145 253.1470
3D2F 28 413 51 120.6924 192.9089 51.3227
1BXN 354 466 282 64.8979 201.1913 141.1245
1U6G 249 960 304 109.8329 332.6103 49.1962
4CR2 578 793 192 108.3836 71.0326 139.8255
1BXN 508 140 137 153.8932 22.4867 69.8853
3GL1 739 805 156 117.8625 123.5755 62.0880
1QVR 721 114 192 131.6604 245.9831 129.2138
4V94_fixed 772 895 228 171.4669 161.1657 38.7355
3CF3 72 139 275 132.1735 114.3557 151.0772
1QVR 507 600 220 73.5064 14.1363 99.3112
3D2F 847 248 45 84.2415 224.9911 160.4325
1BXN 886 336 277 84.5127 115.3600 246.0139
3CF3 746 865 333 82.6351 243.3184 231.4658
1S3X 317 622 197 112.8908 45.0169 173.9653
3QM1 339 276 290 109.0237 236.3144 314.9630
3CF3 782 27 271 78.5075 308.6479 340.9514
3GL1 46 228 263 126.2620 274.4139 139.6586
3QM1 990 257 273 113.3147 217.8805 335.6064
3GL1 93 545 137 55.0656 195.3630 15.6312
1U6G 825 442 55 109.8831 345.7861 198.9933
4CR2 405 547 128 123.0118 168.3598 338.2782
3GL1 65 855 278 138.8635 160.0785 267.7629
3CF3 503 106 189 46.3780 232.1571 61.8648
3D2F 655 551 130 90.8809 33.0647 150.9065
2CG9 65 361 290 96.9056 55.7922 284.3994
3QM1 257 844 341 50.1620 295.7756 291.1681
5MRC 531 731 287 132.4775 104.7222 302.7491
1QVR 773 981 207 105.8522 29.3242 353.8235
3H84 732 296 126 44.2828 351.9969 337.6623
3CF3 32 131 311 101.7758 293.8360 221.6899
3H84 912 675 272 163.3866 351.9541 22.4799
3QM1 19 821 180 122.8840 286.6845 216.8908
3GL1 118 868 285 106.2327 28.3107 119.8853
3QM1 425 583 18 121.1791 26.3111 184.5703
1QVR 615 540 105 55.6963 123.8511 248.9067
1QVR 159 335 60 143.9163 179.3519 255.2937
3H84 169 769 59 117.4428 66.1441 110.7950
2CG9 930 958 35 132.3934 164.1807 125.6336
4CR2 170 559 321 145.1293 110.7564 110.9947
3CF3 915 188 180 87.9583 37.6540 67.6971
1U6G 344 838 242 71.5155 135.1455 225.0795
3D2F 811 614 123 39.1485 306.6197 292.4346
1QVR 406 195 307 144.9254 68.0229 216.3425
1BXN 716 986 100 6.2813 278.8917 217.5736
1BXN 673 976 79 73.3414 267.9138 69.1611
3H84 261 502 136 110.1922 103.1866 327.9977
1QVR 985 79 146 89.0814 147.5091 296.3935
1BXN 627 932 63 31.0680 13.8428 213.1697
3H84 448 994 240 49.7802 207.4981 211.0849
3GL1 789 898 310 43.0366 137.6377 239.4968
3D2F 772 343 28 156.7186 276.3384 310.2695
3GL1 829 429 77 77.7346 133.3717 163.3661
4V94_fixed 358 450 122 112.5678 252.2580 59.5074
1BXN 211 172 215 155.9396 341.9353 336.6834
4CR2 836 230 315 42.1150 159.2677 160.3564
4V94_fixed 933 169 145 106.5350 216.7958 214.7468
2CG9 653 588 137 96.3674 329.6958 106.2820
1QVR 983 170 296 15.9643 264.5608 26.4191
1U6G 805 454 145 116.4076 283.8356 24.1999
3H84 335 470 155 46.1077 102.3976 321.0348
4CR2 895 631 146 90.4631 244.9153 113.2387
1BXN 295 478 159 74.6643 289.6983 47.3254
4CR2 659 645 126 128.0853 45.1991 147.2835
3QM1 317 466 93 55.8211 137.6241 22.5823
4CR2 431 522 239 101.9781 201.8428 138.0128
3D2F 104 390 112 141.8059 136.6022 35.6006
4CR2 643 670 249 129.6617 337.6980 121.5265
2CG9 249 199 221 16.3995 257.9174 55.8460
3D2F 224 104 295 7.1503 132.3663 305.3699
1U6G 384 333 272 166.0310 57.9545 226.9723
1U6G 168 754 214 115.7036 154.8772 167.2200
1U6G 37 123 63 135.8235 270.7900 217.5945
4CR2 852 193 174 112.2674 119.2696 70.4174
3CF3 983 789 67 106.8968 65.6592 268.3908
1U6G 441 446 335 127.6160 329.6194 28.2357
3QM1 423 499 318 96.1604 93.9072 12.6898
3QM1 22 297 192 89.0377 287.2545 265.6142
1S3X 582 424 85 43.6367 282.4597 189.2402
3CF3 749 651 87 104.0663 36.3447 334.3209
5MRC 791 287 253 105.1003 357.3486 113.0629
1QVR 58 269 202 174.2569 352.1579 186.7237
3H84 143 633 189 120.0474 143.7775 4.9691
1BXN 300 174 201 111.5512 50.4964 92.9791
3GL1 36 328 336 161.3184 161.1380 291.4410
1S3X 105 305 188 124.2504 279.5257 94.2234
1U6G 425 273 113 90.0659 230.5849 295.8344
3GL1 975 911 278 138.6954 109.4709 65.9853
1QVR 634 428 183 64.7249 115.1976 33.3737
3QM1 584 172 151 73.7642 302.1628 138.6928
4CR2 517 367 96 94.0272 198.8674 326.9127
3GL1 325 335 190 127.4765 228.7880 148.0919
1U6G 489 484 82 53.2703 109.8992 51.7298
1S3X 878 867 243 110.9846 236.4975 140.7982
3CF3 974 721 287 85.9639 161.5315 341.4008
3H84 991 403 230 106.6617 30.0873 17.0344
1U6G 169 493 236 156.5021 277.2977 283.8167
3CF3 129 912 153 83.2129 49.7349 316.8708
1U6G 438 324 248 44.7565 67.5772 140.1801
4CR2 448 213 35 144.1800 126.5319 3.5277
1BXN 438 223 190 100.4440 263.9516 98.5697
3GL1 461 317 323 89.2971 320.3377 212.6109
3CF3 796 481 23 93.5434 339.7290 12.5995
4CR2 692 56 153 35.4294 112.4958 276.9628
3D2F 490 798 152 38.4716 67.1954 322.5452
3D2F 585 656 269 148.0370 216.0355 260.2289
5MRC 829 342 211 103.2007 7.4971 178.5096
2CG9 673 704 323 99.8193 168.0943 75.5826
1BXN 429 467 232 138.6450 332.9740 72.0747
3D2F 594 862 86 110.9045 278.2105 30.3422
1QVR 107 393 271 52.8921 286.6113 243.1390
3GL1 503 657 115 57.8950 62.6924 240.1840
3D2F 356 196 127 127.6795 202.3000 128.5275
1U6G 801 946 171 35.3958 142.2177 104.8239
3GL1 61 419 162 133.3769 291.1123 308.9342
3CF3 991 371 37 107.3993 311.9477 103.2165
1U6G 951 862 336 33.6154 241.3676 291.2048
1BXN 222 473 30 98.5536 104.0455 235.6627
1BXN 975 747 326 45.9840 321.0218 215.1913
4CR2 59 826 69 103.4909 176.4522 33.1267
1U6G 758 987 259 52.0381 185.4835 115.4824
3QM1 961 765 135 93.3150 15.4412 320.2228
3H84 605 128 327 19.8284 250.1232 281.5396
4CR2 802 277 149 145.4656 86.4083 169.8749
1QVR 432 937 254 100.0386 85.0611 66.8328
1U6G 974 70 73 60.7127 74.5953 160.8139
3QM1 630 754 95 103.7963 203.4817 23.0293
1U6G 803 705 115 152.4371 175.6475 327.5634
4V94_fixed 31 779 77 124.1945 142.5416 36.5913
3GL1 537 655 253 129.5647 5.4569 227.4939
3GL1 839 104 286 119.1418 136.7679 117.1980
3CF3 585 591 162 55.0370 216.1054 244.9941
1BXN 657 320 312 45.3380 23.3022 47.9094
2CG9 401 857 168 91.2948 138.5631 280.4271
4CR2 592 260 54 112.9199 142.4282 203.1169
4V94_fixed 950 717 197 151.1952 106.1704 290.6380
1S3X 322 415 48 96.1268 224.9345 191.4136
3QM1 376 604 176 53.4944 78.0209 43.8264
3H84 522 131 276 94.0404 193.3097 30.9087
1U6G 155 516 91 64.2508 195.2524 107.7152
4V94_fixed 979 207 265 74.8843 130.1217 190.8309
1S3X 466 275 89 167.7558 140.3887 330.5648
3CF3 312 234 164 99.7215 331.1406 110.4898
3H84 673 909 294 165.0389 110.4983 148.9708
1U6G 620 620 122 96.2923 359.8504 27.7430
1S3X 550 40 113 90.3704 89.0986 137.2316
4V94_fixed 640 597 61 59.5853 15.9574 337.4522
1BXN 321 31 319 66.7061 275.2710 211.5310
3GL1 334 619 178 133.0512 262.2583 19.3795
1QVR 751 390 220 84.0515 95.0098 24.4631
5MRC 578 153 255 104.8740 353.2189 118.0832
3QM1 744 1002 27 63.6611 332.8127 239.1594
1S3X 690 14 37 130.2945 187.6410 30.3389
2CG9 831 994 241 50.8365 283.2861 116.6717
4CR2 287 453 229 121.8576 73.0326 156.3506
1BXN 351 917 90 75.4731 174.8932 48.5795
2CG9 983 505 39 97.7960 130.9360 348.2265
1BXN 569 684 224 30.9408 74.3487 338.7723
4CR2 76 441 240 110.6075 43.1490 226.4475
5MRC 116 814 270 61.6589 130.5923 322.3999
1QVR 355 568 28 156.4849 132.8662 224.8408
4V94_fixed 329 741 232 164.2526 295.5357 225.3586
4CR2 858 395 56 78.4560 177.5650 8.1283
3GL1 345 983 155 146.7188 63.2474 67.7961
3QM1 308 594 64 170.2912 148.5800 356.1342
3QM1 364 865 219 91.2930 163.4383 249.7409
4V94_fixed 483 632 117 66.9121 12.4870 30.7316
3D2F 58 402 326 99.2750 218.4098 212.0087
5MRC 630 905 105 21.1086 119.8504 222.4647
1BXN 850 79 295 130.0996 232.8815 31.7789
5MRC 79 630 117 34.3945 242.2641 147.0922
2CG9 630 851 41 93.3478 72.4554 333.3439
5MRC 711 111 44 158.4623 57.4800 26.4866
3GL1 930 115 119 98.1359 18.4873 65.2020
3D2F 85 942 317 106.6848 162.7561 75.8546
4CR2 824 703 324 118.8529 259.3235 349.4190
3D2F 438 30 181 120.9747 96.4805 106.8920
3D2F 464 908 255 95.4357 115.5414 179.7727
5MRC 461 420 297 155.2981 169.4664 3.1817
1U6G 625 551 162 103.3054 155.0904 332.2285
1QVR 441 821 275 30.4715 327.9932 67.8243
3CF3 37 971 117 39.0114 100.9139 23.7641
3D2F 686 952 127 69.6997 144.4939 113.6358
2CG9 997 152 173 23.6508 37.7278 180.5056
3CF3 652 445 302 48.2249 347.6912 287.9493
3QM1 950 739 174 158.8518 72.3158 145.7789
3GL1 835 688 197 34.0201 14.5768 292.9691
2CG9 730 24 81 74.0979 294.5617 76.5404
2CG9 888 135 272 53.4636 134.6357 246.6543
3CF3 261 38 148 134.9055 156.4192 282.9374
2CG9 562 778 320 100.9253 337.2610 269.2106
4CR2 618 868 264 111.1627 208.8897 161.5375
1QVR 583 841 180 114.3641 342.1453 314.5270
1BXN 324 911 248 74.6527 22.2487 49.0115
4CR2 772 949 250 33.9450 242.9423 337.7037
4CR2 933 318 260 76.3629 115.0160 25.9446
3GL1 428 902 336 83.6850 138.0411 275.9048
2CG9 841 953 316 79.2517 218.5099 243.3606
1BXN 998 909 266 105.1015 215.6357 308.3301
3H84 405 87 108 82.5769 336.9999 21.8792
5MRC 220 136 112 115.9049 267.3757 242.5850
1S3X 883 516 67 175.0719 136.5302 351.9575
1S3X 671 935 338 54.6760 63.4323 6.5145
3H84 432 132 226 57.1574 154.8948 241.0378
1BXN 717 310 282 76.9420 332.5600 58.9334
4V94_fixed 737 215 45 155.9786 68.4813 7.8698
5MRC 901 199 61 50.1226 155.8609 177.7257
4CR2 390 70 207 124.7362 90.5283 80.7244
5MRC 839 613 152 94.8143 22.2640 142.3565
5MRC 320 129 200 30.3476 319.4403 65.4034
3GL1 39 659 75 158.0226 187.6573 314.5173
1BXN 64 680 205 100.7821 257.6841 8.7616
4CR2 516 86 106 129.4086 290.2866 316.9721
1QVR 219 456 92 103.9020 307.8357 97.8821
1S3X 759 898 267 28.3358 290.8733 216.3637
1BXN 390 225 30 166.9303 316.2673 210.0266
4V94_fixed 753 261 28 43.5146 85.6439 199.7639
3GL1 635 506 60 128.6166 144.8196 268.0697
3CF3 550 883 63 24.5823 57.3480 176.4970
3CF3 848 871 180 166.0432 283.1558 109.5519
1QVR 180 52 304 44.1679 305.6415 97.5768
3CF3 100 962 239 75.8485 9.3148 39.7149
2CG9 567 21 270 153.1044 63.6234 296.5569
1QVR 438 622 331 137.4720 10.1663 308.9737
1QVR 703 947 240 86.5813 229.0059 94.1649
5MRC 158 963 100 94.1166 184.7760 143.3136
4V94_fixed 348 555 247 81.6727 84.6568 120.0285
4CR2 547 891 150 129.3933 228.8818 198.7171
3D2F 481 430 80 28.1438 83.2063 35.8076
3GL1 222 461 307 65.6969 323.2413 95.5707
3QM1 992 465 171 67.3991 31.4736 233.8596
3QM1 71 472 316 142.7337 302.7612 232.5486
4CR2 262 217 296 109.2161 353.0689 107.0882
2CG9 897 108 203 106.3542 1.0825 222.7441
2CG9 310 23 235 86.9876 263.9501 243.1882
5MRC 614 944 257 153.8026 233.0820 97.6025
5MRC 718 266 72 152.4362 239.8215 132.0964
3D2F 679 576 91 92.0351 97.6787 70.9163
4CR2 357 47 320 168.9668 82.7175 81.8528
1S3X 385 772 289 49.7275 323.6318 356.6872
5MRC 481 209 75 112.5794 284.0535 96.1285
1S3X 151 832 91 104.0536 157.0829 172.5430
1QVR 651 601 99 75.5079 148.5565 299.1878
1S3X 781 568 36 144.9573 11.4102 300.8798
4V94_fixed 821 343 277 37.1820 150.8911 274.0891
3H84 880 991 218 95.7789 336.0970 86.5079
3D2F 813 141 140 46.0441 168.3447 108.0356
3QM1 419 186 184 144.9145 311.3990 107.9129
4V94_fixed 303 186 236 65.1651 20.7887 229.2591
4V94_fixed 609 845 221 89.9923 281.4634 321.0227
1U6G 961 425 90 102.2756 191.8939 200.6304
4CR2 882 156 188 129.1374 310.8809 291.1894
1BXN 410 805 233 156.4633 271.2061 137.3944
1S3X 64 415 190 103.0645 192.8182 40.2893
1S3X 454 524 144 108.7831 350.1355 48.6993
2CG9 848 284 176 94.5462 109.6779 319.3435
3D2F 662 399 287 126.8283 185.2970 151.5004
3GL1 134 581 238 70.8635 21.3862 317.1347
1QVR 97 638 243 52.4418 172.9154 334.4233
1BXN 700 66 215 37.6787 189.9128 131.7921
1BXN 987 24 140 136.6240 82.8416 61.5641
3D2F 970 530 329 158.2815 78.6286 105.5697
4CR2 890 481 324 116.9024 45.3231 189.3642
3GL1 374 664 286 13.5265 129.6078 280.2732
2CG9 220 808 271 145.1377 55.7767 229.5482
3D2F 224 549 262 161.9239 129.2406 274.2768
1U6G 484 233 244 31.1317 84.6504 144.5196
1BXN 448 975 49 131.0409 306.7384 47.5681
4CR2 728 320 321 55.0960 38.4828 212.0789
5MRC 669 980 159 82.9591 297.3071 42.4646
1QVR 127 923 224 52.5253 210.7618 123.8000
2CG9 706 838 144 127.7564 243.6173 108.5960
1BXN 450 883 205 53.7139 274.5529 269.3010
3QM1 495 973 36 13.8401 252.3787 158.2270
3D2F 409 993 41 97.2080 116.6362 6.3827
1S3X 540 270 188 128.0523 176.1181 332.9567
2CG9 810 810 188 116.5684 349.7240 298.7931
3D2F 366 833 147 97.7555 15.0106 243.3079
1BXN 245 114 274 104.3701 157.7592 291.9813
1U6G 852 991 303 153.1686 288.3396 78.6667
3CF3 860 458 277 69.7510 257.5181 340.2946
5MRC 522 82 252 65.1433 336.2144 301.8694
4CR2 843 701 99 92.5357 78.8939 93.3150
4V94_fixed 394 662 212 101.0869 165.8379 16.0390
3QM1 70 197 157 81.4486 116.8018 38.7707
1QVR 403 820 79 137.8152 275.1027 89.3574
3GL1 915 855 250 60.0587 288.7531 64.1285
1S3X 259 145 113 63.4254 234.5404 273.9889
1U6G 957 304 202 156.2845 31.7570 342.5786
3H84 875 299 56 53.8925 5.2555 137.3431
5MRC 830 394 266 155.8005 136.9011 337.0816
1U6G 22 738 51 101.4657 145.7491 316.9978
1S3X 369 791 315 123.6622 96.3820 48.5584
3H84 930 481 154 45.5492 222.5217 63.6882
4CR2 335 54 148 144.8542 264.0953 195.6586
3CF3 801 569 209 30.6877 249.7985 239.3980
3D2F 980 308 32 33.9833 18.0395 233.1151
3CF3 999 303 109 65.7391 171.4753 123.4550
3D2F 233 251 245 101.8226 175.9913 114.3372
3H84 988 235 238 142.3725 254.4032 10.4797
3QM1 928 933 317 26.5374 88.0403 205.5066
4CR2 389 430 155 57.6135 208.0858 24.2558
1U6G 232 66 319 107.0423 34.4762 155.0034
3D2F 188 203 245 60.7741 324.6438 353.1896
1BXN 974 979 148 132.1575 335.2049 85.0095
2CG9 630 602 284 50.3296 149.7518 200.0188
4V94_fixed 240 662 64 22.8874 64.8387 354.9629
1S3X 180 899 71 95.3025 210.5290 18.6027
2CG9 973 21 203 64.7709 281.4102 86.5615
1S3X 959 557 294 39.4446 215.7997 303.3908
1QVR 777 625 104 86.0664 20.2441 52.9106
1BXN 483 280 189 138.0377 359.3164 318.8626
3QM1 808 923 163 60.2683 306.1921 48.1701
4V94_fixed 767 624 59 49.1431 221.3311 275.2539
4CR2 156 60 202 61.6288 221.6057 84.9083
3D2F 342 485 306 21.4144 88.4493 171.1528
4CR2 333 297 77 44.8011 0.8582 49.7088
1BXN 343 652 331 59.5176 230.0454 116.5264
4V94_fixed 794 324 136 52.7828 46.7546 42.7059
4CR2 891 715 171 132.2272 52.4054 306.2490
1BXN 835 598 85 142.1526 217.3363 140.8053
3D2F 354 114 127 81.5464 305.2923 19.5564
4V94_fixed 990 564 252 134.4205 135.5396 352.4004
1S3X 738 422 142 91.6730 231.3768 268.6807
3QM1 324 271 30 75.6534 267.4043 352.9636
1U6G 813 567 89 41.2028 306.5352 267.5384
3H84 591 693 280 105.7003 297.0613 192.3762
2CG9 303 244 307 168.8472 18.8608 190.7848
1BXN 390 314 191 133.8316 151.4550 282.1854
3D2F 773 666 33 79.9208 169.9980 324.2361
5MRC 384 603 48 70.0925 213.6706 246.0174
3CF3 343 590 282 111.1026 16.6236 333.6728
1BXN 929 146 226 149.4476 146.4626 215.5118
1U6G 41 615 194 153.4484 49.7954 267.7962
3GL1 500 785 92 40.6902 322.5747 296.2610
3QM1 663 30 35 91.5822 211.7116 166.4109
3CF3 39 318 197 34.4642 106.4063 102.3209
3QM1 401 562 325 86.7519 196.3988 303.7528
4V94_fixed 460 194 315 44.8773 349.0578 52.1435
1BXN 502 812 215 66.4697 148.9887 164.9990
4CR2 557 833 43 64.9400 337.9663 250.1525
3D2F 704 717 243 79.2286 77.6338 319.4717
1U6G 903 667 109 141.4782 277.6936 187.9859
5MRC 380 158 216 71.8707 281.4739 341.0714
1BXN 177 518 272 80.6602 174.2439 196.7537
4CR2 50 303 61 128.3470 25.8665 149.0139
3H84 943 819 164 109.1554 243.0129 248.0192
3QM1 696 740 43 51.0575 10.0316 83.0355
3H84 482 763 153 93.1848 274.3174 192.4596
1U6G 531 592 111 76.4001 345.6692 104.4284
4CR2 593 35 280 93.2902 183.7819 162.0943
3CF3 673 971 115 75.4108 67.6563 0.6918
1BXN 509 425 239 86.7078 218.5015 253.9093
1U6G 355 234 145 44.6763 175.3947 205.9434
3GL1 275 185 27 82.3532 207.8355 206.6521
4CR2 980 102 298 139.8642 171.3173 324.7204
5MRC 877 191 122 93.8662 3.2913 92.5975
3H84 91 25 47 157.2738 326.2849 93.1044
1U6G 868 947 44 121.8284 47.3477 120.8698
5MRC 911 837 48 97.4371 298.3211 300.2606
3D2F 391 996 239 78.4305 67.3776 357.4380
4CR2 501 456 140 143.9685 333.6150 359.7700
3CF3 88 990 42 67.7967 61.8104 286.3152
1S3X 81 418 169 10.6569 150.3344 189.3303
4CR2 701 648 111 62.5237 224.9617 349.0086
3D2F 726 172 58 88.6321 165.0331 290.5533
3QM1 682 239 185 157.6486 225.7461 289.0416
3CF3 359 79 103 126.1722 154.4508 147.3642
1S3X 103 462 278 100.7952 271.4317 4.9426
3QM1 659 242 26 147.5799 151.1057 298.0059
3H84 731 518 163 146.0974 112.2428 319.0158
3H84 968 438 215 88.9188 104.2517 331.9044
1QVR 590 661 226 120.2715 0.3297 97.8989
1U6G 909 351 88 69.8800 305.9989 329.2691
3GL1 683 275 198 63.2454 63.6051 266.3627
1U6G 776 251 57 130.6937 218.8602 5.0922
4CR2 657 354 290 110.2851 149.8453 1.2368
3QM1 677 340 339 114.0810 72.7464 33.2501
4CR2 224 89 54 30.2781 73.8950 228.5255
1BXN 546 1000 324 100.2180 137.5029 149.4897
1BXN 896 698 31 75.7401 201.5891 43.1712
3CF3 894 863 206 146.9942 332.7336 152.3283
1QVR 551 114 149 63.8994 172.4163 83.2883
5MRC 44 747 139 93.7291 325.4458 78.4044
1BXN 441 306 212 27.0583 65.3396 314.9195
2CG9 874 231 271 48.8227 259.0098 243.5570
5MRC 437 39 126 69.7094 273.8023 325.2631
1U6G 403 428 115 71.1640 319.9511 270.2382
3H84 701 88 330 91.8655 342.9472 182.2898
3GL1 148 860 39 91.4748 59.8963 231.9716
3H84 364 934 325 22.4995 3.6728 301.4518
3QM1 565 353 152 64.0563 195.8896 280.8320
2CG9 987 458 337 153.6118 351.7472 293.8967
1U6G 953 199 337 106.5470 146.3588 7.1975
5MRC 811 74 145 54.6229 172.6110 315.5135
3H84 751 679 254 80.9073 117.8193 124.4575
5MRC 701 874 320 133.5436 346.6396 135.3347
1U6G 524 314 41 15.5164 325.4576 229.5676
5MRC 563 618 104 169.5512 290.3893 320.4295
3D2F 397 779 233 68.6363 165.7113 95.7447
1BXN 392 685 97 96.8736 311.3117 255.3451
3H84 967 928 154 5.1623 59.9164 118.0462
3D2F 887 893 305 133.6168 215.4057 83.2041
5MRC 257 107 216 140.5251 262.8767 340.0298
1QVR 605 939 148 31.7770 242.2832 235.5344
1QVR 298 30 58 132.4060 40.6720 282.7839
4CR2 177 219 125 46.3277 118.3915 290.9098
4CR2 477 375 44 97.3586 148.6849 90.5534
3H84 940 696 242 23.3896 319.1598 327.5848
3CF3 425 238 150 17.8302 323.1964 180.5946
1BXN 249 521 337 36.4429 83.5098 314.2981
3QM1 929 204 244 90.1179 234.9469 7.9296
2CG9 978 849 337 158.2178 338.9521 0.7948
3H84 787 22 37 94.3498 47.3366 92.3992
3D2F 642 343 191 75.9139 308.3352 146.7708
3QM1 936 804 86 162.5904 271.6392 318.5063
4CR2 473 968 222 81.8352 8.9255 254.5222
1S3X 793 435 25 104.5818 257.3711 1.2741
1BXN 930 218 332 84.4641 17.0112 26.1702
2CG9 605 958 33 71.4341 88.3575 81.8605
4CR2 678 751 88 23.0290 191.8997 118.1583
3CF3 493 133 304 84.2319 355.3227 21.3331
1U6G 637 839 243 114.6189 347.8433 202.8015
1S3X 607 820 160 167.7450 247.2895 76.3191
3CF3 606 327 247 67.7258 122.8333 92.1089
2CG9 821 817 68 141.1803 110.7651 52.6359
4V94_fixed 715 908 156 109.5911 262.1522 223.1369
3GL1 489 32 218 70.3492 200.7624 262.9414
2CG9 743 176 115 101.9970 301.4111 145.8514
1QVR 136 625 165 105.0078 221.6297 153.3608
2CG9 830 103 252 61.7057 299.0104 258.7500
3QM1 94 995 153 146.9994 4.5886 302.0355
3D2F 888 288 277 136.3441 177.2769 149.0459
4CR2 38 696 166 67.5995 138.6193 70.5490
3H84 585 732 310 134.4002 157.3554 105.8846
1QVR 501 914 307 163.7638 335.6309 189.7754
1S3X 438 98 302 80.9037 334.0842 204.1366
3GL1 681 945 276 145.8061 343.1212 245.0531
3QM1 349 761 22 58.7515 212.4082 9.0750
3H84 895 31 72 130.3209 229.4321 216.4559
5MRC 566 574 248 176.8271 347.1920 131.2492
5MRC 287 390 317 68.3135 324.2990 287.7845
1S3X 852 333 253 90.2318 355.0150 127.4553
3QM1 238 451 325 47.4382 321.0803 211.6678
3H84 668 932 315 57.8435 292.8211 161.2228
1S3X 36 840 114 89.4218 306.0166 204.5926
3D2F 744 869 294 37.4266 65.8677 123.5952
2CG9 190 446 163 78.6181 196.4975 274.8743
5MRC 278 559 273 91.5286 0.6256 259.8928
3GL1 715 697 312 73.3650 268.8718 75.3118
4V94_fixed 555 793 136 113.6054 12.1417 106.2534
3GL1 627 255 88 59.3398 72.3833 273.2650
1QVR 266 283 129 174.2656 12.3890 61.1103
3CF3 655 60 48 121.3531 335.1007 76.3799
1QVR 26 874 270 84.3040 301.7459 215.6588
3H84 787 796 72 78.0322 19.3544 248.9589
3GL1 696 402 246 44.1702 163.1450 288.1460
4V94_fixed 119 775 42 150.3790 74.7139 273.6676
1BXN 375 621 151 101.4078 160.4111 267.9081
1BXN 990 312 79 142.1001 195.6681 19.3438
4V94_fixed 459 978 296 93.0506 222.2137 202.3789
4V94_fixed 159 450 315 87.7356 115.2482 356.2086
3CF3 934 772 275 92.0759 214.8076 31.5906
1U6G 753 443 153 104.6319 218.3944 174.9121
3H84 397 835 217 82.0454 17.3145 119.7587
1QVR 421 109 331 16.8062 328.0038 214.8454
5MRC 709 164 162 79.2033 69.9192 319.7080
3QM1 448 938 170 54.2191 319.5269 148.2578
4V94_fixed 322 813 323 38.8059 200.5743 269.8864
3D2F 484 932 248 71.9338 135.0112 224.6373
1QVR 503 990 307 161.4151 216.9359 28.8350
3H84 551 383 261 134.4656 73.3165 155.5328
3QM1 592 706 109 71.7302 11.2262 340.2245
4V94_fixed 658 766 324 102.1546 163.1373 38.4037
4CR2 647 287 139 21.5686 203.0618 0.3588
1BXN 489 19 103 130.3079 255.5255 352.0063
1S3X 350 788 134 131.6159 309.7486 77.9608
3CF3 74 382 105 142.6879 106.6940 134.3066
3D2F 326 920 112 58.1600 166.3117 16.4548
4CR2 148 911 269 104.9685 72.9260 292.9597
3CF3 848 97 35 89.6532 26.3534 109.1276
1U6G 656 218 71 126.6272 313.2561 298.0662
3GL1 707 663 324 34.4306 81.7853 112.6944
3D2F 629 792 64 15.4912 319.3828 80.3189
2CG9 924 550 292 64.3573 168.3687 33.0249
3H84 683 438 258 101.6536 160.2001 293.8933
5MRC 976 893 63 49.7829 282.0012 349.2768
1U6G 871 600 87 91.8432 195.9011 93.1679
4V94_fixed 145 24 105 135.6891 246.8448 152.0057
3D2F 441 581 314 164.7847 67.3497 256.9362
4CR2 808 878 171 138.8200 62.1147 239.8314
3H84 250 255 261 83.2599 269.2341 205.9923
5MRC 894 787 38 165.1569 265.2787 278.4010
1S3X 820 13 238 139.8321 247.6510 105.5098
5MRC 695 402 171 126.9513 227.2086 353.6020
3CF3 541 134 200 88.4441 293.5952 270.9748
5MRC 275 474 68 147.3439 49.4823 346.9242
2CG9 521 464 261 114.2036 349.4265 351.9735
2CG9 987 794 154 55.5780 73.1415 38.0648
3QM1 604 82 293 131.1413 71.8452 53.7513
3QM1 322 310 120 53.8321 40.8407 1.3738
3GL1 598 569 318 89.7175 120.7957 10.5798
3GL1 529 867 33 102.2552 267.7906 39.5085
3H84 954 990 296 96.3741 19.6331 217.7522
3H84 786 550 144 80.3970 176.4638 281.0074
4V94_fixed 962 282 40 137.9152 319.4789 31.8451
3CF3 739 183 221 79.5933 350.7966 59.4912
3QM1 216 260 206 80.4185 298.3634 137.8981
3QM1 301 456 34 105.0753 293.4141 94.0345
5MRC 401 527 40 134.2950 183.9757 296.0614
1BXN 990 245 313 86.2093 41.6246 229.0229
4V94_fixed 354 506 251 61.7015 3.7346 343.2491
1U6G 211 375 135 115.8656 231.9673 201.1954
4V94_fixed 693 825 213 109.9386 214.4187 323.2024
1U6G 548 34 304 17.5603 336.7614 24.1311
1BXN 74 757 292 63.0548 279.3877 223.6740
1U6G 490 224 328 53.9208 272.6614 59.2467
3D2F 944 716 264 142.4240 95.3447 254.0838
1BXN 992 109 201 93.4569 239.0100 7.7571
1BXN 787 761 223 19.4752 201.8527 32.2121
3QM1 38 882 25 108.4932 259.3902 67.0934
1U6G 385 279 327 86.4083 279.9838 104.1336
2CG9 733 956 138 77.3037 69.7541 197.9662
3H84 686 997 318 89.0581 339.6210 117.5318
4V94_fixed 519 423 38 9.8270 99.7569 179.0677
3QM1 71 941 247 75.1445 224.5325 47.6378
1S3X 233 773 231 58.1810 246.5126 354.2336
4CR2 916 410 122 73.9854 193.6787 36.0703
1U6G 764 49 286 71.2621 227.8334 340.3827
3QM1 498 731 161 73.6692 340.8899 298.1225
2CG9 734 880 37 21.0781 154.7015 326.3221
1QVR 346 578 146 90.0864 106.3402 233.1773
1BXN 891 222 230 53.8911 78.8807 159.9726
3QM1 512 969 311 33.5813 106.9336 215.5778
4CR2 872 284 214 130.6239 42.5291 334.0082
1U6G 748 233 230 158.4690 155.6013 270.8808
3D2F 161 910 115 62.2832 312.1101 328.9898
3GL1 948 976 140 118.6059 117.2430 59.7491
5MRC 971 867 124 126.6928 143.8122 270.9675
3GL1 332 126 90 96.1812 18.0906 19.0303
1BXN 280 232 340 50.2310 22.9572 341.2152
1BXN 38 248 88 37.9916 9.0061 296.2730
4V94_fixed 367 163 82 82.3882 265.9721 318.5948
5MRC 95 508 308 115.9438 312.6471 323.8659
1QVR 179 344 90 104.5061 250.4322 27.8351
3GL1 971 741 141 108.2039 108.9744 74.8742
1U6G 40 725 77 125.3845 6.6937 343.7973
2CG9 208 560 286 129.6727 65.6948 280.6684
3GL1 593 132 25 145.1581 32.1044 187.3310
3H84 589 800 23 68.5792 241.0887 202.7950
1BXN 455 172 70 107.2880 239.5627 148.1240
3GL1 710 65 263 136.1966 183.6551 323.8919
4V94_fixed 402 209 114 115.1549 276.1241 92.4195
3H84 597 522 213 42.5568 82.0909 107.9429
5MRC 202 673 173 38.9921 182.8056 83.9163
1U6G 1002 370 178 49.0059 74.5636 186.6179
3GL1 747 40 191 79.5948 313.1170 156.9568
1U6G 998 929 161 105.3180 175.9929 60.9813
5MRC 201 412 139 46.1734 311.8978 263.0969
4V94_fixed 593 445 35 124.9718 333.4961 318.1414
3GL1 203 520 245 111.8837 300.2447 318.2089
3H84 242 128 62 87.0307 66.6797 321.8246
1U6G 596 556 52 57.6214 46.0083 223.7219
1U6G 208 412 75 149.5125 78.2678 306.0510
3H84 341 940 107 170.3918 248.6815 140.9287
1BXN 643 40 79 37.1720 77.7352 10.0157
3H84 708 236 43 144.4652 145.1803 134.8062
3CF3 897 88 39 124.4095 296.0706 244.5971
3H84 102 569 226 67.7952 19.4344 314.0824
3CF3 747 124 223 68.7623 355.0028 135.6400
4V94_fixed 957 553 207 70.0557 141.7523 64.6018
5MRC 649 798 113 122.9743 108.2156 326.9642
3GL1 223 786 125 94.3195 101.9153 76.3169
3QM1 617 533 209 165.7790 62.1821 341.9414
1U6G 967 451 258 154.1045 322.5126 309.3695
1S3X 168 285 305 124.7756 243.0241 254.6502
5MRC 847 756 154 123.3775 229.8988 293.9855
3GL1 217 491 241 92.8030 358.1347 351.4037
1U6G 188 801 46 100.7250 286.6599 254.8787
3D2F 100 538 159 49.9535 191.2584 97.9106
4CR2 704 907 242 43.6641 118.9116 339.7378
1BXN 342 403 58 140.6581 303.4589 47.1202
3H84 585 116 293 138.1639 97.3106 323.5433
5MRC 50 983 265 103.6506 88.8024 108.0274
1BXN 678 980 212 63.1038 304.0619 218.3468
1QVR 870 36 275 95.8547 272.1489 35.0015
3H84 851 489 310 53.9299 152.5622 25.8481
4CR2 938 189 205 56.9987 81.0439 159.3125
1U6G 995 955 197 70.9995 70.0274 306.3705
1S3X 787 755 100 77.7634 142.4841 303.5831
5MRC 841 257 105 70.5896 48.4584 129.0984
4V94_fixed 389 196 158 85.9410 47.8766 79.0673
3GL1 777 253 125 67.0447 86.3231 325.4722
2CG9 283 593 318 156.8641 25.3777 72.8619
3D2F 502 403 322 26.2309 309.9278 180.8972
3D2F 99 856 96 111.7221 273.8290 200.8688
4CR2 299 945 248 125.6962 335.8999 20.2292
3D2F 107 606 70 149.8821 150.0272 192.4831
3D2F 301 536 139 129.2527 146.0217 184.3353
3CF3 596 706 314 72.0496 259.8727 79.2151
4V94_fixed 923 429 80 36.0669 124.8316 288.4586
1S3X 787 236 22 166.6188 192.0178 45.5652
3GL1 286 496 123 175.1991 300.9830 30.6536
4V94_fixed 429 383 49 122.0761 234.5323 95.9129
5MRC 394 276 139 77.8481 138.8425 319.9093
1U6G 648 999 236 81.8833 43.0742 271.2008
3GL1 111 48 223 74.0046 331.3889 223.8485
5MRC 650 396 104 125.4503 2.2027 223.2494
1BXN 883 477 34 52.0887 179.4292 263.7981
4V94_fixed 813 198 295 98.4033 23.7554 148.2501
1U6G 1002 343 317 27.5074 160.0090 160.8491
5MRC 961 51 238 85.8075 221.9123 57.2121
2CG9 419 139 52 50.7626 305.0187 162.5480
3H84 967 577 122 129.9091 64.7172 314.6760
3CF3 417 94 228 57.1318 237.3504 273.6514
1U6G 596 704 217 146.0796 310.0365 120.3089
1QVR 461 949 331 71.1926 357.7738 185.8391
4CR2 927 41 92 125.5210 58.8451 90.3465
3D2F 705 559 39 70.7336 19.7689 167.6058
3GL1 183 832 198 53.5979 238.3954 271.6793
1S3X 30 88 87 111.7300 161.2650 18.3093
5MRC 939 268 296 60.5400 21.0572 84.0529
3QM1 378 866 77 64.6928 110.0607 163.3580
1U6G 749 149 239 11.2919 281.6807 12.1465
5MRC 637 563 219 96.1762 291.6784 204.9835
1S3X 249 375 289 106.9427 201.3794 175.1914
1BXN 655 739 161 62.9215 137.3151 184.6418
1U6G 996 846 319 154.7437 301.4941 129.2984
1S3X 828 1005 20 105.9400 198.1702 100.6465
1S3X 961 441 66 52.6141 243.3748 279.4685
1S3X 678 206 111 37.5319 296.2360 156.0014
3CF3 180 592 185 86.4231 287.9999 231.2751
3CF3 820 443 167 130.5480 176.0120 174.9538
3H84 448 501 141 84.0024 106.6464 209.6230
3D2F 893 893 232 136.0755 44.8394 124.6818
1QVR 514 818 54 90.3523 119.2715 177.1087
2CG9 968 840 83 125.9488 335.9693 103.1765
1BXN 697 637 153 19.2649 310.2460 286.9496
3QM1 269 75 53 142.0247 263.9038 184.6889
1U6G 662 206 43 9.7477 8.3265 165.7815
1QVR 691 95 130 92.5801 275.4252 272.1704
2CG9 651 961 310 95.2880 202.9007 307.6473
1S3X 569 893 94 135.1033 325.5968 10.4561
3D2F 769 96 41 102.0069 208.5768 35.8277
2CG9 384 566 238 89.0237 250.8385 291.3286
1U6G 867 583 207 119.0776 0.6706 187.1658
3GL1 514 299 170 141.5403 80.5443 353.2334
3GL1 501 348 75 8.7207 167.9386 79.4045
3GL1 749 574 188 107.7750 247.8173 205.0239
1S3X 396 75 341 82.3256 238.9530 246.8307
3QM1 938 430 160 122.0685 255.9769 328.4492
4CR2 903 487 216 137.5743 40.8974 69.7915
1S3X 917 78 293 70.5830 181.0451 117.4773
2CG9 383 932 251 155.8994 316.9219 126.8263
2CG9 152 545 189 60.1021 159.7414 337.8633
3D2F 259 736 211 116.4710 239.6113 14.4185
4CR2 808 600 307 82.8079 350.4841 262.5487
1BXN 456 38 55 1.3769 344.9738 120.5188
3CF3 393 785 334 37.2488 340.7920 248.5113
1BXN 911 920 80 58.0538 9.1700 179.3864
3H84 814 192 330 136.5918 284.7979 331.4357
2CG9 142 439 126 84.6295 51.3743 47.3579
3D2F 160 854 198 141.2291 326.8732 344.2104
2CG9 670 228 228 30.2342 178.2202 276.9048
5MRC 641 731 306 144.2526 250.7738 54.0778
2CG9 811 872 109 84.1704 23.3743 79.1214
3D2F 91 552 320 101.3887 56.5436 142.8441
5MRC 144 374 318 158.4059 290.0765 22.1329
3CF3 333 437 38 89.2803 235.9511 17.3529
5MRC 904 928 187 93.2001 208.2609 343.9985
3CF3 795 792 334 78.0421 97.8983 289.9043
2CG9 579 630 313 162.9694 286.9401 107.7649
3QM1 51 358 264 77.7773 158.2002 62.7883
3QM1 942 922 337 69.0947 72.0414 93.7968
3QM1 885 979 284 146.9460 263.5681 19.1647
4V94_fixed 357 246 24 64.4663 274.5428 168.4091
1S3X 617 286 209 149.6727 253.6791 303.5689
3H84 326 68 31 114.1489 42.6531 289.8259
1QVR 790 216 46 93.5927 288.1854 353.4222
1U6G 242 865 83 79.2060 235.1879 111.4704
2CG9 984 898 242 86.5923 130.4093 212.5373
1U6G 887 595 162 60.5081 296.7592 229.3929
1QVR 207 234 135 92.7696 191.8834 181.8706
3H84 983 993 118 83.9450 180.1240 183.5892
5MRC 935 540 51 75.7533 98.6338 27.3349
2CG9 894 663 212 102.0441 263.1077 261.8237
3D2F 103 85 124 76.6859 292.5435 349.0001
1U6G 542 284 332 77.4292 119.9694 161.2568
3H84 591 626 273 77.2194 223.9189 125.6020
5MRC 573 404 311 71.4761 76.3047 208.2007
1QVR 140 856 243 43.1206 292.0911 347.8319
3GL1 341 686 232 122.9989 124.1891 102.4008
1QVR 870 690 331 99.2558 108.9804 53.9901
3GL1 821 978 121 164.4315 25.5152 197.0246
3GL1 249 122 328 132.4694 284.7930 220.9080
1U6G 242 852 48 94.3332 158.2717 35.8769
4V94_fixed 422 46 32 60.4827 39.4763 123.1506
3CF3 672 247 57 97.7988 153.0899 261.4688
4V94_fixed 598 859 24 152.5682 83.8532 114.3427
5MRC 842 148 239 43.1841 92.2446 174.9611
4CR2 764 35 98 66.9878 282.6738 296.9903
5MRC 725 433 44 82.6515 231.0287 337.7006
1S3X 412 18 344 49.9851 308.6828 95.3729
1BXN 728 941 29 137.5535 217.1274 359.7918
3GL1 563 453 69 33.7829 318.3669 271.2892
5MRC 488 130 238 90.7656 79.8538 39.2205
3D2F 312 313 160 86.6767 118.2760 320.1738
5MRC 977 383 298 131.4916 173.9680 8.1356
4V94_fixed 345 716 255 40.0614 359.8123 2.1551
3D2F 31 306 286 88.7158 227.5162 134.3806
5MRC 464 536 287 113.7791 313.0380 91.2917
3GL1 464 440 112 79.1212 225.7078 313.9638
3D2F 835 43 189 107.9880 256.7607 213.5793
4V94_fixed 33 897 124 24.7863 308.3830 2.6605
1QVR 408 874 27 26.5866 184.2060 96.6705
3CF3 673 705 90 138.9763 300.5856 343.7394
3D2F 248 158 335 151.6469 302.5009 59.8695
1QVR 525 93 64 162.0010 210.5162 134.8449
3H84 134 340 88 51.1799 234.1125 115.3816
5MRC 57 510 88 27.5590 96.8373 265.4114
4V94_fixed 37 166 190 74.9973 297.1397 84.3742
3H84 865 408 25 115.9193 302.9123 47.9524
5MRC 126 290 272 85.9315 89.9016 349.3323
3GL1 196 106 24 112.1443 147.8287 289.3222
3QM1 298 93 46 135.1743 276.3836 0.2869
4CR2 904 378 276 80.3832 195.3109 347.6365
4CR2 235 476 274 54.5238 73.1711 205.1106
4V94_fixed 618 358 228 129.7605 195.1554 48.3158
5MRC 596 367 167 159.7919 72.0079 20.9373
2CG9 343 61 63 8.7587 196.0103 314.7075
3D2F 265 76 149 34.7004 299.9574 143.2642
1S3X 321 197 164 123.7468 63.2561 179.8362
3QM1 446 982 132 59.3285 298.5800 85.0985
1BXN 176 987 130 72.6226 98.6112 146.4124
3GL1 373 768 231 45.5439 313.1331 126.1171
2CG9 239 134 31 117.7272 136.5303 278.5583
4V94_fixed 334 150 265 146.2529 258.5773 86.7352
1S3X 718 765 269 148.5849 200.6986 18.5228
1BXN 339 274 195 73.5891 122.1809 31.6277
2CG9 360 812 215 18.5096 219.1312 176.1646
1S3X 748 909 37 114.4210 232.3251 116.4193
1QVR 567 611 197 170.6999 60.3278 314.6558
4CR2 809 425 201 68.7417 249.1701 181.7120
1U6G 411 876 193 21.8523 178.8096 287.7089
5MRC 338 202 185 37.1916 169.6756 346.0170
3QM1 490 316 297 121.1622 314.6562 173.8430
1U6G 351 141 138 91.6288 301.2171 266.5440
1QVR 682 364 258 101.7353 170.5760 177.1517
3H84 496 335 27 41.1488 26.4842 245.1869
5MRC 700 616 41 37.9779 260.7610 64.1121
1S3X 118 692 57 122.8425 152.6059 336.0746
1S3X 460 648 125 73.8943 320.5917 16.2176
3QM1 679 289 279 154.9048 237.2632 187.7756
4V94_fixed 381 49 118 98.2432 89.8957 263.0872
3H84 799 666 34 56.8060 304.1032 27.5350
3D2F 626 811 201 86.4576 262.5795 307.7494
3H84 104 659 299 44.6482 14.0378 82.2155
3D2F 394 218 255 59.7359 192.3059 357.6916
3GL1 675 563 237 108.4484 59.4162 131.9297
3H84 972 905 198 114.9494 54.6381 291.8302
4V94_fixed 359 186 243 44.8663 171.7502 56.3982
2CG9 52 515 268 23.4495 88.2359 316.6346
1U6G 475 136 117 76.4910 99.4862 351.8860
5MRC 284 218 127 133.5970 267.9190 16.6428
2CG9 630 77 65 48.2470 332.4846 172.7721
1U6G 965 269 85 45.2755 242.3551 29.3747
4V94_fixed 251 45 306 110.3502 149.4701 40.9606
1QVR 914 876 325 91.7606 147.4677 109.4082
1S3X 777 622 230 104.5018 197.7938 91.2794
1S3X 100 402 239 134.6474 345.5599 109.0784
4V94_fixed 371 961 278 143.2311 25.3761 213.8156
1U6G 840 45 150 153.5024 209.6338 143.5682
3CF3 182 163 289 79.2607 254.2037 214.0151
3D2F 806 994 214 53.5358 14.3492 4.3063
3H84 28 847 229 59.5767 171.9371 301.5753
1BXN 715 543 336 61.0297 218.3320 269.4887
1BXN 23 222 327 102.7608 6.5833 300.4378
3CF3 806 240 270 166.2110 165.4749 346.9007
4V94_fixed 832 569 176 133.8459 244.2080 279.7353
1U6G 475 91 178 80.1811 277.7619 1.9980
3GL1 269 389 69 114.9622 254.2517 196.8898
1S3X 920 436 27 68.3315 121.3536 100.4751
1QVR 183 951 154 133.5149 304.0867 229.6851
3H84 664 673 82 69.7481 129.1455 131.9357
1U6G 40 795 236 50.5021 238.9517 132.3096
1S3X 720 376 258 140.6180 189.0200 301.5443
3D2F 964 841 57 31.2911 200.1128 211.0110
2CG9 401 841 34 130.0368 152.5880 55.3899
3GL1 1007 773 298 145.7913 164.6247 110.9674
2CG9 749 277 128 61.1747 283.5083 139.0253
5MRC 116 45 136 138.4393 320.3798 301.7256
3CF3 707 623 307 82.2286 11.2475 144.9755
3QM1 550 767 334 88.3700 112.7473 103.2869
4V94_fixed 547 256 285 97.7568 26.9829 182.1287
3CF3 718 587 320 104.2675 108.9956 337.9966
2CG9 342 489 121 58.8692 89.7583 79.3896
3CF3 527 372 157 97.4853 252.6442 65.3839
3CF3 746 780 39 93.1085 267.8857 251.2878
2CG9 199 487 215 158.0448 2.0816 17.6454
1S3X 216 376 326 90.6932 290.4677 74.7255
1BXN 837 841 44 28.4211 138.0369 254.3262
2CG9 152 542 79 126.5677 249.4985 16.5165
4CR2 961 341 48 68.1322 125.2560 175.5410
3H84 764 313 94 91.9150 121.8474 348.7315
3CF3 228 415 328 66.3126 61.6454 318.0468
3H84 365 724 166 72.2630 171.0897 55.9617
1U6G 536 73 338 135.9669 261.2513 316.1148
1S3X 372 471 27 91.9621 41.3000 144.7077
3D2F 27 268 260 54.5024 302.1194 352.0639
1BXN 858 994 170 136.9483 41.6140 136.4387
3H84 103 513 50 136.2242 100.9849 40.5205
1S3X 638 618 256 155.3713 307.5614 354.5323
5MRC 933 913 143 110.1073 281.1150 1.5254
5MRC 397 841 120 109.4975 161.1530 239.7027
3GL1 492 631 243 69.0640 246.4676 8.2785
4V94_fixed 557 82 89 36.5983 72.5757 53.1848
1QVR 551 810 283 82.3429 12.9752 60.2352
1BXN 482 59 267 141.8088 70.8440 124.1539
4V94_fixed 271 46 96 134.1613 67.9955 182.0590
4V94_fixed 383 596 129 135.6921 345.7129 184.3682
1U6G 206 584 151 174.7193 248.3458 6.6207
5MRC 607 685 44 129.3286 3.0355 239.2309
5MRC 245 193 86 31.6280 231.4924 74.6531
3GL1 652 119 100 129.2496 269.6428 325.5140
3H84 906 86 157 86.0244 265.0462 315.6356
3QM1 47 233 326 62.9688 263.4498 216.1257
1U6G 934 262 148 102.5231 273.0425 111.6102
3GL1 752 750 60 156.0141 121.6313 273.1607
2CG9 260 706 129 49.9353 35.2427 246.5021
3H84 891 896 164 57.3960 192.2893 281.0112
4V94_fixed 341 515 146 94.9732 121.0893 141.0891
1QVR 421 947 324 97.6001 55.5800 177.4809
3H84 488 670 197 49.2174 163.1608 249.4744
3H84 30 316 148 83.4522 238.7073 295.0220
4V94_fixed 306 958 161 139.9243 223.9285 221.7495
1BXN 314 418 224 87.8136 209.9351 261.9921
1S3X 604 835 284 87.3707 240.4354 240.6595
1S3X 320 603 302 120.5604 103.3835 310.8276
1QVR 599 379 48 136.7095 315.4215 236.4271
1S3X 212 926 150 142.3170 68.3180 16.4424
3CF3 843 705 34 89.0341 172.4262 331.8708
3CF3 364 812 274 85.5797 201.4805 179.4900
4CR2 758 728 95 101.8008 169.4876 146.6045
4CR2 759 937 112 68.7092 80.2338 197.5319
3D2F 521 451 88 125.6158 75.2079 319.1484
3QM1 429 496 293 92.1339 239.5012 133.8703
3CF3 82 561 200 98.3425 189.6874 271.5535
1S3X 433 77 89 75.5671 241.4880 232.4975
3H84 638 397 241 163.1099 317.5613 17.4338
1U6G 162 810 208 81.3858 12.1209 189.5446
1S3X 959 160 87 122.6039 22.3449 290.1663
4CR2 369 799 182 110.1827 31.6710 323.4110
1QVR 393 320 155 46.4328 336.0413 0.2767
1QVR 610 841 75 86.9367 184.4539 116.4696
1U6G 468 242 326 143.5432 222.4264 187.6051
1S3X 127 977 13 83.9607 230.1341 186.8090
3CF3 28 709 45 134.9446 202.6654 127.3049
1S3X 882 495 68 16.8255 331.2771 278.2292
3QM1 35 322 97 51.0195 215.8855 348.5078
3CF3 722 30 131 68.7382 118.7934 194.7277
1QVR 318 985 259 78.9314 283.7322 243.8878
3H84 577 886 289 94.4534 3.6310 134.6049
4V94_fixed 196 860 277 96.2497 47.6447 340.5974
1QVR 667 732 237 15.9573 255.0904 48.6459
1S3X 20 206 215 72.6990 126.4393 43.0066
3QM1 963 955 318 108.7510 46.5604 267.6063
5MRC 389 566 280 29.4617 285.2910 214.0639
1BXN 1000 612 268 115.7355 246.1767 264.5567
1QVR 140 612 209 110.8402 77.5319 232.7619
1U6G 558 706 40 79.5972 172.6644 213.4603
3QM1 590 318 186 91.8019 12.9658 112.3441
4V94_fixed 210 378 26 85.1555 165.6881 60.1909
3QM1 626 783 262 67.3537 132.1986 151.8187
4V94_fixed 37 652 203 72.0142 249.0674 26.8825
4V94_fixed 229 380 255 134.8858 306.8940 72.1714
2CG9 901 995 264 98.6312 264.3385 86.6387
3CF3 174 450 214 28.5923 103.0769 152.7034
5MRC 811 853 308 51.6201 179.4399 298.4562
4V94_fixed 136 271 331 70.1152 204.0731 80.0764
4V94_fixed 783 366 226 110.6995 91.7125 184.1800
1S3X 372 463 48 151.9093 175.3061 242.3086
3H84 313 963 105 109.1982 20.9156 23.5012
1QVR 780 229 80 135.7253 14.1414 43.6053
3H84 174 905 183 103.1830 132.1157 4.9479
3D2F 396 929 108 150.8587 144.2018 352.7167
1S3X 889 25 22 104.3135 140.1793 195.7108
3H84 165 442 93 68.1808 321.0577 176.7776
4V94_fixed 406 520 99 123.6311 284.6238 117.8461
4CR2 763 420 118 81.6011 308.8021 67.3179
1U6G 456 562 336 140.1106 155.0697 340.0574
3H84 133 44 185 149.7172 38.5524 282.2887
1S3X 849 910 280 80.3887 178.1520 277.7092
3QM1 874 154 289 134.6531 164.7250 140.6285
5MRC 254 727 48 42.7028 284.7873 299.9532
4V94_fixed 127 92 24 96.8305 103.9326 339.5821
3QM1 973 437 328 152.1550 306.3912 216.5229
3D2F 837 813 36 123.4021 161.4898 222.6414
5MRC 930 692 129 66.0481 52.2915 255.8684
3H84 323 481 22 153.1120 128.9238 267.2009
4V94_fixed 210 222 253 123.5682 108.8102 72.8002
2CG9 705 529 130 82.5030 11.5470 118.7352
3QM1 995 592 295 91.9922 172.7107 67.7472
3CF3 633 264 56 86.8751 93.8442 272.8174
3D2F 777 57 255 147.3674 183.2580 4.8677
3H84 141 72 290 124.1244 149.6710 238.7829
1U6G 484 253 226 99.2134 134.5937 11.0828
4CR2 438 77 51 29.7298 284.9673 63.4442
1U6G 856 329 66 76.2442 276.9737 299.0075
3GL1 622 993 151 93.6983 300.4029 87.0748
3D2F 254 302 101 120.1020 57.2153 329.7413
1U6G 467 55 36 86.1952 147.5550 163.2208
3GL1 317 717 259 7.9128 5.4301 283.6015
3QM1 387 611 101 60.3048 109.5719 302.5148
4V94_fixed 137 563 134 139.9895 97.7334 22.3238
4V94_fixed 870 655 238 86.3254 60.7813 110.5855
1S3X 559 123 124 105.6427 166.5060 151.2922
1U6G 414 999 331 74.3624 209.4843 9.3849
4CR2 259 761 116 138.9780 4.7339 256.9409
1BXN 773 116 111 156.0521 237.3905 216.9094
3H84 874 713 47 93.2213 100.3572 33.8556
3D2F 141 158 28 142.7105 71.3336 106.6444
3QM1 37 156 288 109.8515 192.6068 124.2639
4V94_fixed 249 687 163 99.8586 204.7004 60.0421
5MRC 922 400 203 108.1210 290.5373 356.1551
1BXN 116 434 145 154.2131 358.1059 179.4170
1QVR 357 409 318 93.8666 260.6095 351.3086
1U6G 161 744 73 44.3398 215.3035 124.6484
3QM1 74 951 147 87.8754 61.7078 133.6595
5MRC 273 93 107 29.1062 89.8317 106.4302
3QM1 483 555 334 80.4644 355.9891 195.9973
1S3X 355 735 105 166.7476 217.3464 300.4497
3CF3 653 415 33 35.3607 159.6961 184.5349
1U6G 731 246 138 39.9044 257.1458 83.2521
3CF3 27 105 204 54.3349 127.5787 40.9826
3QM1 230 654 220 57.3120 336.3599 100.9934
1QVR 66 119 323 118.1303 197.7343 296.7034
3CF3 121 564 334 44.6752 182.9642 154.9342
3GL1 722 970 30 90.9493 205.0704 189.1623
1BXN 933 917 21 40.8364 120.6976 343.5652
1U6G 842 489 58 70.3480 228.5938 52.8878
4CR2 139 573 78 90.7062 74.9330 75.8930
1QVR 28 911 324 71.1500 155.8474 109.7045
2CG9 257 873 336 122.1479 348.8809 23.3563
3GL1 166 356 283 93.8997 330.3476 94.3828
3CF3 118 359 48 153.8226 287.9849 81.1691
3QM1 598 886 306 25.0213 358.1390 225.0093
4CR2 872 748 276 62.9719 38.5402 219.5680
3QM1 210 949 184 50.2897 211.6366 264.1404
4V94_fixed 809 650 145 31.2975 308.1228 282.2910
3GL1 553 410 265 132.1288 282.9487 54.1415
5MRC 680 867 126 92.4962 5.3268 71.2196
1BXN 259 227 168 75.2674 318.3184 116.0685
4CR2 236 393 89 49.7819 107.3288 160.7006
1BXN 224 57 182 130.7498 220.0813 197.0832
4V94_fixed 507 728 36 71.2164 264.2737 228.4304
4CR2 125 317 208 139.4260 184.5164 135.1798
3H84 168 478 199 37.6542 188.0677 311.6056
3CF3 210 622 168 15.7576 203.7144 177.9590
1BXN 508 184 139 28.8390 20.5813 116.1191
4CR2 455 123 206 81.4684 93.4514 274.8257
1S3X 675 390 243 109.4625 168.8809 228.9671
3QM1 369 590 237 154.4698 84.6511 148.4779
3QM1 694 429 140 43.0712 273.0961 311.0509
3CF3 888 365 26 48.6029 327.3570 85.7307
1U6G 906 965 270 60.7033 214.1548 251.8270
4V94_fixed 798 602 252 141.3401 345.4309 342.0989
3QM1 363 660 117 51.9828 292.5976 264.1330
1U6G 676 576 165 121.6103 275.6384 353.0897
3D2F 960 498 61 116.1953 185.4181 81.1216
3GL1 987 272 120 152.1133 302.6454 115.9983
1QVR 754 170 74 10.5071 250.5772 92.3670
1U6G 54 155 37 95.0804 96.4101 136.2364
4V94_fixed 610 319 206 61.2036 44.9298 112.0256
1S3X 30 1010 46 108.8293 30.4975 153.0219
3H84 808 378 119 102.9217 294.8888 245.1000
5MRC 627 958 103 19.2894 142.6820 196.5037
5MRC 523 832 183 146.2045 336.1926 235.0954
3D2F 51 210 319 67.4619 109.0722 196.7976
3GL1 278 535 28 128.6942 329.1366 51.6262
1U6G 711 309 113 100.7243 337.8380 209.6039
3D2F 734 984 162 148.3375 169.1795 224.3518
3QM1 985 252 57 135.6517 283.4832 192.6577
2CG9 682 521 239 119.6323 304.5194 164.1595
1BXN 163 34 72 163.3798 353.6793 241.9393
1QVR 63 884 237 49.7387 251.9542 342.2742
5MRC 307 298 247 126.3973 220.0858 270.8703
3QM1 70 626 220 78.5846 145.3577 97.8249
1U6G 597 747 50 96.7698 197.5965 48.3943
3CF3 527 664 116 51.4735 193.4234 216.5449
3H84 275 122 238 86.8921 62.4142 242.1654
4V94_fixed 532 411 145 91.1908 243.9299 148.7114
1U6G 122 890 297 94.4426 41.7765 64.5214
3GL1 96 626 281 154.8546 144.0086 162.1964
2CG9 428 311 95 87.2901 302.4180 63.8517
1QVR 373 801 92 59.1203 240.0989 318.6100
3CF3 184 36 108 109.2720 40.3930 269.4024
3GL1 620 767 24 113.0016 54.6899 55.6995
3QM1 442 513 86 104.2027 187.6753 69.7959
3CF3 590 107 234 42.6246 79.0370 152.8732
3D2F 56 343 86 101.4570 240.7940 246.9762
5MRC 524 765 179 76.2987 315.3605 332.8112
4V94_fixed 510 717 231 86.0971 192.6231 106.0097
3QM1 157 434 154 82.8919 72.5532 203.1671
5MRC 730 100 272 81.7483 157.8001 193.2415
4CR2 657 808 233 124.5245 46.4508 99.2399
3H84 648 996 201 56.8792 225.3677 29.8210
4V94_fixed 510 51 31 18.3021 356.8114 192.0561
4CR2 898 356 200 104.9761 305.9173 92.1858
1U6G 609 252 110 56.7760 270.4330 157.3640
1S3X 155 893 152 100.2114 232.3614 150.8493
3CF3 172 396 180 122.1552 175.6052 200.3923
5MRC 285 932 292 92.1475 306.0258 141.1100
2CG9 895 293 241 8.5338 293.3047 116.5160
1BXN 624 315 53 72.7837 219.4316 186.7642
3QM1 173 327 131 70.1665 177.5182 80.2222
1QVR 614 676 319 101.3166 292.4204 136.7554
3QM1 890 346 344 146.0991 45.1030 179.4849
1BXN 691 692 198 110.8052 326.0459 16.9025
3GL1 360 757 238 33.9172 148.8498 269.4159
3H84 353 801 246 133.0171 125.6939 346.2132
1QVR 602 183 27 93.5106 128.0876 164.2621
2CG9 424 871 265 13.4296 286.2503 189.4023
2CG9 846 624 257 166.9513 141.6455 266.2110
5MRC 526 146 95 110.3122 56.7404 199.9605
3GL1 762 903 333 105.2165 163.8527 36.4775
1BXN 23 497 331 70.9935 79.3289 88.0966
3CF3 321 960 37 80.3750 339.5184 189.2206
2CG9 735 414 190 32.9915 347.6805 81.9675
1BXN 566 411 95 77.4432 274.4094 46.9923
3D2F 620 240 82 133.4655 286.3965 90.2643
2CG9 996 949 127 62.2431 90.5454 244.6132
4V94_fixed 585 91 333 75.7519 226.7505 82.3086
2CG9 704 766 162 120.5322 181.0616 197.5381
4V94_fixed 525 468 28 122.2047 153.0905 214.8587
3D2F 684 555 128 53.1342 19.6390 210.9455
1BXN 916 286 133 134.9533 184.0208 352.6478
1BXN 227 192 27 76.6568 331.3989 186.0177
1S3X 637 70 276 129.5549 197.7864 358.4741
1QVR 643 663 169 127.4732 261.4263 26.4923
3CF3 901 376 333 27.5104 161.3125 257.9959
5MRC 367 981 320 78.9112 100.8247 178.8137
5MRC 193 488 311 116.8435 77.3954 1.3761
4CR2 154 742 296 101.9310 130.4602 140.1859
1QVR 873 947 242 49.7372 9.6164 129.8542
2CG9 790 726 42 72.1500 91.7366 349.7963
3QM1 218 540 241 113.3411 80.6570 223.8225
3QM1 241 611 297 108.1434 78.6117 125.0215
3CF3 625 705 85 61.0753 262.8444 225.6170
3GL1 821 1004 285 150.0533 333.0010 112.5239
2CG9 552 632 43 64.4854 326.6246 324.6085
3D2F 998 50 146 125.9140 3.3726 95.1220
2CG9 221 90 260 83.5204 307.1312 183.7082
3H84 482 487 123 79.3630 79.4790 245.8593
5MRC 492 713 120 111.4196 200.6805 340.6128
1U6G 920 311 74 80.7814 300.9470 176.8910
3CF3 292 150 316 115.8286 258.4484 281.5740
4V94_fixed 142 340 270 152.2930 295.3364 152.2658
3QM1 829 579 64 39.7201 167.3422 145.1141
1BXN 199 112 333 59.1164 68.4329 245.5996
3H84 834 113 326 104.8677 97.9908 259.6404
4V94_fixed 814 646 295 51.0795 239.4575 332.8842
4CR2 845 149 39 137.1364 11.3496 226.2220
3GL1 281 563 341 131.3029 117.5204 21.3907
3QM1 826 298 93 146.1326 134.1270 134.6918
1S3X 669 312 84 78.2576 298.6597 88.6100
3H84 618 543 297 32.8175 241.2749 325.6412
3CF3 998 818 134 59.0520 317.5707 247.1336
2CG9 989 935 323 105.6406 271.7972 299.9281
3D2F 781 301 325 148.7985 340.2657 162.9287
1S3X 153 678 41 67.1879 182.2508 122.4708
3QM1 489 425 18 65.0110 161.5735 77.4431
5MRC 909 712 69 126.6756 20.0960 258.9115
5MRC 41 398 86 58.6240 11.1298 174.2337
3CF3 218 724 221 74.6162 359.8839 179.5790
3D2F 769 831 329 50.9042 220.7051 16.4048
1U6G 242 657 120 127.6515 140.2072 11.6907
4CR2 892 73 185 10.1697 225.9291 354.3639
5MRC 60 817 147 53.6804 81.3946 152.7401
3QM1 658 296 305 39.2010 309.6106 248.3799
4CR2 753 872 104 157.1654 196.2192 171.9843
1QVR 185 729 252 104.7666 55.9179 252.7385
4V94_fixed 321 993 190 160.8840 117.3568 118.9029
1BXN 191 854 207 153.8045 104.0179 290.3566
4V94_fixed 43 29 326 149.6302 164.1644 340.2681
3CF3 512 740 70 152.8599 229.1517 289.7751
1U6G 38 125 141 17.2708 21.5457 209.7931
3GL1 151 896 202 131.0125 172.3900 12.5739
3CF3 986 601 58 157.3528 176.6405 106.9397
3QM1 1003 914 99 88.0170 87.2455 202.4139
1U6G 932 996 167 94.7894 112.9737 58.3252
3H84 92 982 128 115.2509 212.2488 191.1942
4V94_fixed 433 886 163 113.0268 118.9329 136.0288
1BXN 847 25 318 108.4489 340.6026 322.9988
3D2F 128 402 142 95.4646 210.3765 116.6409
2CG9 993 754 77 90.4446 0.6679 118.6305
4V94_fixed 96 753 102 139.2442 277.3368 31.4568
3CF3 454 139 66 15.0279 354.4572 53.1029
3QM1 845 458 63 37.6394 333.0354 341.7982
3GL1 297 100 245 134.6074 10.8393 75.8737
2CG9 36 747 209 28.2244 181.5419 80.3454
5MRC 161 461 271 115.3591 29.5685 179.4799
1BXN 811 44 69 121.6818 92.5846 217.8261
1S3X 297 130 271 46.4656 165.8557 0.5286
3CF3 420 891 103 53.4931 122.0590 193.8293
1BXN 890 1002 171 61.9306 243.8317 304.7703
1BXN 745 642 204 127.5799 42.9284 22.0491
3CF3 768 553 238 83.9439 315.3979 67.6815
3D2F 627 613 25 46.0337 54.1024 141.7801
1S3X 417 528 276 20.1340 128.3610 248.6857
1U6G 205 785 163 134.9191 138.4335 168.7782
3GL1 504 623 60 85.9196 44.1648 32.7978
